%YAML:1.0
---
points: [ 5.55105957e+02, 4.91892822e+02, 5.84631531e+02, 4.93168640e+02,
    6.13907715e+02, 4.94511505e+02, 6.43287842e+02, 4.95907318e+02,
    6.72381409e+02, 4.97145782e+02, 5.54442932e+02, 5.20859497e+02,
    5.83659180e+02, 5.22257629e+02, 6.13167908e+02, 5.23485352e+02,
    6.42400208e+02, 5.24601135e+02, 6.71400330e+02, 5.25852905e+02,
    5.53593323e+02, 5.49709290e+02, 5.82763306e+02, 5.50915283e+02,
    6.12100830e+02, 5.52128967e+02, 6.41425781e+02, 5.53471680e+02,
    6.70533936e+02, 5.54596619e+02, 5.52696838e+02, 5.78628601e+02,
    5.81813538e+02, 5.79818848e+02, 6.11197693e+02, 5.81052063e+02,
    6.40419128e+02, 5.82156738e+02, 6.69586853e+02, 5.83224365e+02,
    5.51629395e+02, 6.07487854e+02, 5.80925049e+02, 6.08510742e+02,
    6.10163269e+02, 6.09701843e+02, 6.39244873e+02, 6.10916382e+02,
    6.68732910e+02, 6.11891541e+02, 5.50701599e+02, 6.36105103e+02,
    5.80159058e+02, 6.37315186e+02, 6.09279053e+02, 6.38422424e+02,
    6.38402100e+02, 6.39464355e+02, 6.67619507e+02, 6.40354431e+02,
    5.49768860e+02, 6.65002808e+02, 5.79062439e+02, 6.66006775e+02,
    6.08341064e+02, 6.66896790e+02, 6.37545166e+02, 6.67939880e+02,
    6.66487427e+02, 6.69133179e+02 ]
