%YAML:1.0
---
points: [ 1.16821434e+02, 1.92449905e+02, 1.32889023e+02, 1.98622849e+02,
    1.48841446e+02, 2.04617645e+02, 1.64269821e+02, 2.10436081e+02,
    1.79593597e+02, 2.16297821e+02, 1.09950783e+02, 2.07181915e+02,
    1.26406448e+02, 2.13170624e+02, 1.42581482e+02, 2.19154770e+02,
    1.58394836e+02, 2.24977798e+02, 1.73852463e+02, 2.30665268e+02,
    1.02883522e+02, 2.22233475e+02, 1.19616714e+02, 2.28223694e+02,
    1.36106949e+02, 2.34128220e+02, 1.52176346e+02, 2.39966415e+02,
    1.67955368e+02, 2.45581039e+02, 9.55726624e+01, 2.37995895e+02,
    1.12656387e+02, 2.43833740e+02, 1.29405273e+02, 2.49597519e+02,
    1.45853058e+02, 2.55369522e+02, 1.61886017e+02, 2.60899445e+02,
    8.81195374e+01, 2.54018951e+02, 1.05379913e+02, 2.59903992e+02,
    1.22440018e+02, 2.65631561e+02, 1.39211914e+02, 2.71327942e+02,
    1.55616425e+02, 2.76814911e+02, 8.03422699e+01, 2.70653412e+02,
    9.79885864e+01, 2.76563629e+02, 1.15369301e+02, 2.82195496e+02,
    1.32456741e+02, 2.87796875e+02, 1.49117889e+02, 2.93290405e+02,
    7.25215530e+01, 2.87887421e+02, 9.03091660e+01, 2.93635803e+02,
    1.08082993e+02, 2.99301117e+02, 1.25341263e+02, 3.04777039e+02,
    1.42414062e+02, 3.10178986e+02 ]
