%YAML:1.0
---
points: [ 7.53729065e+02, 6.65578003e+02, 7.50896790e+02, 7.05235596e+02,
    7.48236694e+02, 7.45580017e+02, 7.45306274e+02, 7.86515930e+02,
    7.42491333e+02, 8.27945068e+02, 7.13661682e+02, 6.64296387e+02,
    7.10911743e+02, 7.03858826e+02, 7.07634155e+02, 7.44441467e+02,
    7.04664246e+02, 7.85420776e+02, 7.01535522e+02, 8.26791809e+02,
    6.73960693e+02, 6.62681580e+02, 6.70411255e+02, 7.02570007e+02,
    6.67137146e+02, 7.43211365e+02, 6.63834167e+02, 7.84187073e+02,
    6.60466675e+02, 8.25669006e+02, 6.33442688e+02, 6.61308594e+02,
    6.29736145e+02, 7.01296814e+02, 6.26310974e+02, 7.41827637e+02,
    6.22773193e+02, 7.82961487e+02, 6.19016846e+02, 8.24500000e+02,
    5.92771240e+02, 6.59764893e+02, 5.89266968e+02, 6.99852661e+02,
    5.85197937e+02, 7.40628357e+02, 5.81215637e+02, 7.81752869e+02,
    5.77599670e+02, 8.23433044e+02, 5.52379944e+02, 6.58412231e+02,
    5.48477295e+02, 6.98408997e+02, 5.44231201e+02, 7.39401367e+02,
    5.39896667e+02, 7.80564026e+02, 5.36229553e+02, 8.22303833e+02,
    5.11519897e+02, 6.56777649e+02, 5.07204590e+02, 6.97055664e+02,
    5.02944855e+02, 7.38008362e+02, 4.98662964e+02, 7.79159851e+02,
    4.94492523e+02, 8.20919800e+02 ]
