%YAML:1.0
---
points: [ 1.32077637e+02, 1.89586609e+02, 1.42088989e+02, 1.89746780e+02,
    1.51944931e+02, 1.89979904e+02, 1.61966400e+02, 1.90490952e+02,
    1.71744995e+02, 1.90691803e+02, 1.31885971e+02, 1.99260468e+02,
    1.41847641e+02, 1.99704971e+02, 1.51797714e+02, 1.99843994e+02,
    1.61673065e+02, 2.00152588e+02, 1.71623642e+02, 2.00660248e+02,
    1.31713837e+02, 2.08969467e+02, 1.41678223e+02, 2.09391190e+02,
    1.51583389e+02, 2.09760849e+02, 1.61423615e+02, 2.09867432e+02,
    1.71314072e+02, 2.10186386e+02, 1.31533173e+02, 2.18762268e+02,
    1.41383362e+02, 2.19215302e+02, 1.51275879e+02, 2.19584793e+02,
    1.61265457e+02, 2.19773941e+02, 1.71148727e+02, 2.19946442e+02,
    1.31296982e+02, 2.28701416e+02, 1.41220215e+02, 2.28855896e+02,
    1.51120483e+02, 2.29309250e+02, 1.60955643e+02, 2.29619507e+02,
    1.70850006e+02, 2.29699738e+02, 1.31048904e+02, 2.38525757e+02,
    1.41003708e+02, 2.38691681e+02, 1.50941025e+02, 2.38892990e+02,
    1.60691116e+02, 2.39292328e+02, 1.70582977e+02, 2.39556808e+02,
    1.30840256e+02, 2.48129974e+02, 1.40731491e+02, 2.48441025e+02,
    1.50649185e+02, 2.48676102e+02, 1.60522110e+02, 2.48873383e+02,
    1.70306122e+02, 2.49155350e+02 ]
