%YAML:1.0
---
points: [ 5.48697205e+02, 4.78720306e+02, 5.78630859e+02, 4.80778168e+02,
    6.08506836e+02, 4.82681152e+02, 6.38326294e+02, 4.84773254e+02,
    6.68032227e+02, 4.86772430e+02, 5.43553894e+02, 5.06155518e+02,
    5.73665771e+02, 5.07960571e+02, 6.03867554e+02, 5.09882111e+02,
    6.33902832e+02, 5.12073486e+02, 6.64080444e+02, 5.13917419e+02,
    5.38324463e+02, 5.33827820e+02, 5.68745300e+02, 5.35601318e+02,
    5.99077820e+02, 5.37702026e+02, 6.29443359e+02, 5.39624207e+02,
    6.59750122e+02, 5.41625549e+02, 5.32768433e+02, 5.62249268e+02,
    5.63487061e+02, 5.64047363e+02, 5.94258667e+02, 5.65778625e+02,
    6.24871826e+02, 5.67911255e+02, 6.55405945e+02, 5.69939514e+02,
    5.27208191e+02, 5.91123352e+02, 5.58315613e+02, 5.92800232e+02,
    5.89223511e+02, 5.94503052e+02, 6.19980713e+02, 5.96486816e+02,
    6.51186035e+02, 5.98554932e+02, 5.21555847e+02, 6.20548645e+02,
    5.52869141e+02, 6.22443787e+02, 5.84299500e+02, 6.24059692e+02,
    6.15366638e+02, 6.25812561e+02, 6.46577881e+02, 6.27924194e+02,
    5.15573669e+02, 6.50564453e+02, 5.47349854e+02, 6.52409668e+02,
    5.79057007e+02, 6.54250427e+02, 6.10559082e+02, 6.55885437e+02,
    6.41917175e+02, 6.57832397e+02 ]
