%YAML:1.0
---
points: [ 1.44072647e+02, 1.73989502e+02, 1.60403687e+02, 1.83856033e+02,
    1.76118546e+02, 1.93253036e+02, 1.90905182e+02, 2.02226257e+02,
    2.05119934e+02, 2.10616272e+02, 1.34032288e+02, 1.90476059e+02,
    1.50896927e+02, 1.99938538e+02, 1.66863708e+02, 2.09067322e+02,
    1.82049591e+02, 2.17735260e+02, 1.96441818e+02, 2.25839478e+02,
    1.23837830e+02, 2.07107437e+02, 1.41052856e+02, 2.16332977e+02,
    1.57571213e+02, 2.25059799e+02, 1.72999985e+02, 2.33330399e+02,
    1.87717026e+02, 2.41173828e+02, 1.13462425e+02, 2.24138062e+02,
    1.31080414e+02, 2.32928360e+02, 1.47891754e+02, 2.41427155e+02,
    1.63680695e+02, 2.49216949e+02, 1.78801025e+02, 2.56782715e+02,
    1.02869652e+02, 2.41410065e+02, 1.20866432e+02, 2.49881516e+02,
    1.38199112e+02, 2.57953979e+02, 1.54340103e+02, 2.65632660e+02,
    1.69686172e+02, 2.72708099e+02, 9.22373962e+01, 2.58969360e+02,
    1.10579559e+02, 2.66936829e+02, 1.28100540e+02, 2.74729309e+02,
    1.44711685e+02, 2.82067932e+02, 1.60321945e+02, 2.88832672e+02,
    8.14654236e+01, 2.76674652e+02, 1.00135216e+02, 2.84392670e+02,
    1.17895111e+02, 2.91693756e+02, 1.34849640e+02, 2.98679108e+02,
    1.51007874e+02, 3.05253021e+02 ]
