%YAML:1.0
---
points: [ 1.30122299e+02, 1.84893555e+02, 1.40163437e+02, 1.85636276e+02,
    1.50384796e+02, 1.86069992e+02, 1.60392303e+02, 1.86695953e+02,
    1.70514954e+02, 1.87296021e+02, 1.28598145e+02, 1.94256027e+02,
    1.38803604e+02, 1.94826447e+02, 1.49017303e+02, 1.95460693e+02,
    1.59188461e+02, 1.95902664e+02, 1.69363174e+02, 1.96618393e+02,
    1.27027542e+02, 2.03764893e+02, 1.37330307e+02, 2.04215591e+02,
    1.47632294e+02, 2.04745148e+02, 1.57935410e+02, 2.05474045e+02,
    1.68140640e+02, 2.05829636e+02, 1.25454109e+02, 2.13501801e+02,
    1.35817886e+02, 2.13872604e+02, 1.46235764e+02, 2.14435486e+02,
    1.56639603e+02, 2.14893097e+02, 1.66891525e+02, 2.15648941e+02,
    1.23776878e+02, 2.23098389e+02, 1.34266068e+02, 2.23785110e+02,
    1.44785095e+02, 2.24100235e+02, 1.55169189e+02, 2.24752609e+02,
    1.65732971e+02, 2.25320953e+02, 1.22154449e+02, 2.33093124e+02,
    1.32740936e+02, 2.33758972e+02, 1.43306396e+02, 2.34188354e+02,
    1.53808060e+02, 2.34706329e+02, 1.64444153e+02, 2.35310059e+02,
    1.20413506e+02, 2.43473877e+02, 1.31164001e+02, 2.43843613e+02,
    1.41858459e+02, 2.44502777e+02, 1.52498962e+02, 2.44865738e+02,
    1.63108093e+02, 2.45472397e+02 ]
