%YAML:1.0
---
points: [ 8.59722839e+02, 6.15331970e+02, 8.23717468e+02, 6.43638123e+02,
    7.86785522e+02, 6.72668457e+02, 7.49535278e+02, 7.01953735e+02,
    7.11491394e+02, 7.31919922e+02, 8.31509460e+02, 5.79397217e+02,
    7.95144653e+02, 6.07616089e+02, 7.57859436e+02, 6.36484680e+02,
    7.20244324e+02, 6.65644592e+02, 6.81961121e+02, 6.95380493e+02,
    8.03262512e+02, 5.43427795e+02, 7.66424194e+02, 5.71441101e+02,
    7.28882935e+02, 6.00142944e+02, 6.90761719e+02, 6.29098511e+02,
    6.52177673e+02, 6.58558289e+02, 7.74604797e+02, 5.06934998e+02,
    7.37393311e+02, 5.34823181e+02, 6.99475037e+02, 5.63363770e+02,
    6.61117981e+02, 5.92288879e+02, 6.21901917e+02, 6.21498413e+02,
    7.45757812e+02, 4.70348907e+02, 7.08262146e+02, 4.98062714e+02,
    6.69745605e+02, 5.26329224e+02, 6.30994690e+02, 5.55008972e+02,
    5.91630249e+02, 5.84240173e+02, 7.16684631e+02, 4.33344208e+02,
    6.78791565e+02, 4.61031158e+02, 6.40146790e+02, 4.89108765e+02,
    6.00774597e+02, 5.17498291e+02, 5.61171936e+02, 5.46558350e+02,
    6.87363220e+02, 3.96062653e+02, 6.48962585e+02, 4.23413269e+02,
    6.09968079e+02, 4.51488403e+02, 5.70492493e+02, 4.79643738e+02,
    5.30223083e+02, 5.08462738e+02 ]
