%YAML:1.0
---
points: [ 2.47192856e+02, 1.69154526e+02, 2.53211777e+02, 1.85025009e+02,
    2.59027588e+02, 2.00236160e+02, 2.64578094e+02, 2.14957108e+02,
    2.70044495e+02, 2.29089325e+02, 2.30624008e+02, 1.76112366e+02,
    2.37072006e+02, 1.91898834e+02, 2.43121552e+02, 2.07044205e+02,
    2.49003479e+02, 2.21627960e+02, 2.54713745e+02, 2.35654282e+02,
    2.14046219e+02, 1.82915680e+02, 2.20755753e+02, 1.98692520e+02,
    2.27230835e+02, 2.13777252e+02, 2.33401398e+02, 2.28340912e+02,
    2.39309570e+02, 2.42288162e+02, 1.97105148e+02, 1.89919434e+02,
    2.04310593e+02, 2.05569031e+02, 2.11029861e+02, 2.20734482e+02,
    2.17547775e+02, 2.35010452e+02, 2.23833969e+02, 2.48869049e+02,
    1.80157578e+02, 1.96842880e+02, 1.87604553e+02, 2.12461838e+02,
    1.94781830e+02, 2.27639420e+02, 2.01687164e+02, 2.41948105e+02,
    2.08204819e+02, 2.55620010e+02, 1.62961487e+02, 2.03865891e+02,
    1.70775330e+02, 2.19368378e+02, 1.78339340e+02, 2.34348572e+02,
    1.85479050e+02, 2.48754715e+02, 1.92383377e+02, 2.62335419e+02,
    1.45636841e+02, 2.10999863e+02, 1.53703217e+02, 2.26411942e+02,
    1.61679550e+02, 2.41204361e+02, 1.69152267e+02, 2.55439651e+02,
    1.76459427e+02, 2.69231506e+02 ]
