%YAML:1.0
---
points: [ 7.47439758e+02, 6.21556519e+02, 7.18678040e+02, 6.32845032e+02,
    6.90114563e+02, 6.44174500e+02, 6.61189331e+02, 6.55603455e+02,
    6.32412292e+02, 6.67145935e+02, 7.38312866e+02, 5.94003479e+02,
    7.09597229e+02, 6.05127075e+02, 6.81268616e+02, 6.16362671e+02,
    6.52624634e+02, 6.27590576e+02, 6.24098145e+02, 6.39112549e+02,
    7.29184814e+02, 5.67112976e+02, 7.00640686e+02, 5.77752441e+02,
    6.72330139e+02, 5.88908203e+02, 6.44251343e+02, 6.00263916e+02,
    6.15711609e+02, 6.11396301e+02, 7.20362061e+02, 5.40354614e+02,
    6.92230591e+02, 5.51409180e+02, 6.63862671e+02, 5.62084473e+02,
    6.35837463e+02, 5.73327576e+02, 6.07758545e+02, 5.84390930e+02,
    7.11505371e+02, 5.14182434e+02, 6.83622070e+02, 5.24922668e+02,
    6.55552795e+02, 5.35708557e+02, 6.27645142e+02, 5.46621826e+02,
    5.99761536e+02, 5.57558960e+02, 7.02840942e+02, 4.88327759e+02,
    6.75275269e+02, 4.99194916e+02, 6.47441589e+02, 5.09628418e+02,
    6.19532043e+02, 5.20581604e+02, 5.91843628e+02, 5.31385254e+02,
    6.94252075e+02, 4.62758026e+02, 6.66750427e+02, 4.73473755e+02,
    6.39304504e+02, 4.84186310e+02, 6.11670654e+02, 4.94788696e+02,
    5.84215637e+02, 5.05417023e+02 ]
