%YAML:1.0
---
points: [ 1.98604370e+02, 2.32773056e+02, 1.88924179e+02, 2.36693146e+02,
    1.79254654e+02, 2.40629257e+02, 1.69500107e+02, 2.44644669e+02,
    1.59774368e+02, 2.48626526e+02, 1.95351883e+02, 2.23509232e+02,
    1.85669250e+02, 2.27295670e+02, 1.76010986e+02, 2.31235153e+02,
    1.66424973e+02, 2.35160629e+02, 1.56754532e+02, 2.39147888e+02,
    1.92034607e+02, 2.14270370e+02, 1.82414917e+02, 2.18166931e+02,
    1.72828491e+02, 2.21948395e+02, 1.63257309e+02, 2.25939514e+02,
    1.53738922e+02, 2.29765411e+02, 1.88746429e+02, 2.05271133e+02,
    1.79298935e+02, 2.09085022e+02, 1.69745804e+02, 2.12858139e+02,
    1.60311096e+02, 2.16708603e+02, 1.50822662e+02, 2.20639603e+02,
    1.85628433e+02, 1.96390457e+02, 1.76165482e+02, 2.00247986e+02,
    1.66698441e+02, 2.03926376e+02, 1.57256989e+02, 2.07743027e+02,
    1.47919891e+02, 2.11517166e+02, 1.82421234e+02, 1.87671448e+02,
    1.73076172e+02, 1.91341507e+02, 1.63723129e+02, 1.95140152e+02,
    1.54284088e+02, 1.98892670e+02, 1.45012039e+02, 2.02642792e+02,
    1.79228302e+02, 1.79049881e+02, 1.70008698e+02, 1.82767670e+02,
    1.60767776e+02, 1.86468475e+02, 1.51388840e+02, 1.90231033e+02,
    1.42114700e+02, 1.93976730e+02 ]
