%YAML:1.0
---
points: [ 8.05196411e+02, 5.44268555e+02, 7.87700867e+02, 5.96196777e+02,
    7.70350769e+02, 6.48183167e+02, 7.52787109e+02, 7.00248596e+02,
    7.35192139e+02, 7.52462158e+02, 7.54688049e+02, 5.28460693e+02,
    7.37052551e+02, 5.81616577e+02, 7.19035217e+02, 6.35212952e+02,
    7.00920837e+02, 6.88633728e+02, 6.82628601e+02, 7.42335083e+02,
    7.01538818e+02, 5.11702850e+02, 6.83345398e+02, 5.66521973e+02,
    6.64678284e+02, 6.21605713e+02, 6.46004272e+02, 6.76410522e+02,
    6.27302368e+02, 7.31534790e+02, 6.45052429e+02, 4.94038757e+02,
    6.26305542e+02, 5.50523193e+02, 6.07144348e+02, 6.07381104e+02,
    5.87682861e+02, 6.63487854e+02, 5.68380310e+02, 7.20154297e+02,
    5.85262695e+02, 4.75345062e+02, 5.65633118e+02, 5.33401855e+02,
    5.46165161e+02, 5.91837219e+02, 5.26303589e+02, 6.50161011e+02,
    5.06280853e+02, 7.08012390e+02, 5.21420410e+02, 4.55211060e+02,
    5.01446716e+02, 5.14978271e+02, 4.81166809e+02, 5.75306824e+02,
    4.60753632e+02, 6.35213501e+02, 4.40331360e+02, 6.95080505e+02,
    4.53814758e+02, 4.33703491e+02, 4.33142822e+02, 4.95624634e+02,
    4.12333466e+02, 5.57498901e+02, 3.91435455e+02, 6.19205322e+02,
    3.70460144e+02, 6.81123413e+02 ]
