%YAML:1.0
---
points: [ 8.86396790e+02, 6.48796448e+02, 8.18480591e+02, 6.74679749e+02,
    7.48777954e+02, 7.01225830e+02, 6.77075073e+02, 7.28652222e+02,
    6.03670959e+02, 7.57037048e+02, 8.61636047e+02, 5.84340210e+02,
    7.94333557e+02, 6.08635620e+02, 7.25663513e+02, 6.34066162e+02,
    6.55139526e+02, 6.60417236e+02, 5.82758972e+02, 6.87180115e+02,
    8.37437927e+02, 5.22091248e+02, 7.71127625e+02, 5.45026855e+02,
    7.03075867e+02, 5.69204285e+02, 6.33630554e+02, 5.94487549e+02,
    5.62414062e+02, 6.19954590e+02, 8.14280457e+02, 4.61847321e+02,
    7.48689453e+02, 4.84525116e+02, 6.81651794e+02, 5.07132294e+02,
    6.12807129e+02, 5.30995911e+02, 5.42750732e+02, 5.55429199e+02,
    7.91440918e+02, 4.03931305e+02, 7.26793945e+02, 4.25337402e+02,
    6.60565125e+02, 4.47132477e+02, 5.92820374e+02, 4.69810608e+02,
    5.23557922e+02, 4.93013489e+02, 7.69463135e+02, 3.47577423e+02,
    7.05581848e+02, 3.68182861e+02, 6.40331238e+02, 3.88886017e+02,
    5.73256592e+02, 4.10529846e+02, 5.05218628e+02, 4.32693146e+02,
    7.47863098e+02, 2.92615753e+02, 6.84743042e+02, 3.12513977e+02,
    6.20354370e+02, 3.32563599e+02, 5.54365906e+02, 3.53371399e+02,
    4.86968628e+02, 3.74443604e+02 ]
