%YAML:1.0
---
points: [ 6.87985291e+02, 5.13755066e+02, 6.64416687e+02, 5.33638245e+02,
    6.40628052e+02, 5.53536926e+02, 6.16626831e+02, 5.73717163e+02,
    5.92530762e+02, 5.93927795e+02, 6.67019958e+02, 4.91450073e+02,
    6.42990417e+02, 5.11584534e+02, 6.18944641e+02, 5.31662292e+02,
    5.94512451e+02, 5.51859314e+02, 5.70191772e+02, 5.72229736e+02,
    6.45452759e+02, 4.68606293e+02, 6.21251099e+02, 4.88938202e+02,
    5.96660522e+02, 5.09355896e+02, 5.71930115e+02, 5.29617432e+02,
    5.47136292e+02, 5.50164734e+02, 6.23398682e+02, 4.45243805e+02,
    5.98671021e+02, 4.65502533e+02, 5.73792053e+02, 4.86179474e+02,
    5.48674255e+02, 5.06645050e+02, 5.23624695e+02, 5.27328064e+02,
    6.00632080e+02, 4.21106415e+02, 5.75645386e+02, 4.41590973e+02,
    5.50442810e+02, 4.62380768e+02, 5.24930420e+02, 4.83168549e+02,
    4.99352905e+02, 5.04031677e+02, 5.77495544e+02, 3.96359802e+02,
    5.51887634e+02, 4.17194214e+02, 5.26417969e+02, 4.37940125e+02,
    5.00512024e+02, 4.58968842e+02, 4.74603638e+02, 4.80030273e+02,
    5.53471069e+02, 3.70942505e+02, 5.27636719e+02, 3.91865417e+02,
    5.01633087e+02, 4.12942566e+02, 4.75485016e+02, 4.34233063e+02,
    4.49133057e+02, 4.55547211e+02 ]
