%YAML:1.0
---
points: [ 2.51708649e+02, 1.67539764e+02, 2.54143585e+02, 1.83401917e+02,
    2.56679535e+02, 1.99324814e+02, 2.59159698e+02, 2.15274872e+02,
    2.61591583e+02, 2.31109863e+02, 2.35709564e+02, 1.69728363e+02,
    2.38321594e+02, 1.85759415e+02, 2.40807068e+02, 2.01880981e+02,
    2.43313522e+02, 2.18012741e+02, 2.45850998e+02, 2.33805542e+02,
    2.19661270e+02, 1.71969879e+02, 2.22271896e+02, 1.88210022e+02,
    2.24816086e+02, 2.04437317e+02, 2.27377045e+02, 2.20622742e+02,
    2.29871017e+02, 2.36563965e+02, 2.03203339e+02, 1.74302994e+02,
    2.05870377e+02, 1.90674469e+02, 2.08541565e+02, 2.07070694e+02,
    2.11121094e+02, 2.23218140e+02, 2.13699371e+02, 2.39381378e+02,
    1.86499985e+02, 1.76516907e+02, 1.89213272e+02, 1.93207031e+02,
    1.91912445e+02, 2.09474335e+02, 1.94567383e+02, 2.25968597e+02,
    1.97243912e+02, 2.42260757e+02, 1.69526291e+02, 1.79017487e+02,
    1.72332581e+02, 1.95589035e+02, 1.75013855e+02, 2.12194275e+02,
    1.77769012e+02, 2.28677353e+02, 1.80461777e+02, 2.45033325e+02,
    1.52221695e+02, 1.81417770e+02, 1.54928268e+02, 1.98094604e+02,
    1.57802917e+02, 2.14940201e+02, 1.60567688e+02, 2.31404022e+02,
    1.63399048e+02, 2.47916000e+02 ]
