%YAML:1.0
---
points: [ 1.77903702e+02, 1.96353104e+02, 1.70081009e+02, 2.03235764e+02,
    1.62113998e+02, 2.10077377e+02, 1.54144394e+02, 2.16943054e+02,
    1.46049011e+02, 2.23919510e+02, 1.70930496e+02, 1.88848953e+02,
    1.62952057e+02, 1.95780075e+02, 1.54883545e+02, 2.02689392e+02,
    1.46754593e+02, 2.09615494e+02, 1.38572876e+02, 2.16635788e+02,
    1.63798309e+02, 1.81162018e+02, 1.55663193e+02, 1.88149658e+02,
    1.47476227e+02, 1.95191895e+02, 1.39222458e+02, 2.02155762e+02,
    1.30990021e+02, 2.09208023e+02, 1.56415451e+02, 1.73284866e+02,
    1.48182907e+02, 1.80301834e+02, 1.39862305e+02, 1.87361954e+02,
    1.31449875e+02, 1.94443909e+02, 1.23153824e+02, 2.01495911e+02,
    1.48819672e+02, 1.65197632e+02, 1.40459732e+02, 1.72216629e+02,
    1.32038574e+02, 1.79373962e+02, 1.23621666e+02, 1.86537109e+02,
    1.15107262e+02, 1.93671524e+02, 1.41046417e+02, 1.56857391e+02,
    1.32590820e+02, 1.64136566e+02, 1.24062126e+02, 1.71259003e+02,
    1.15446663e+02, 1.78498154e+02, 1.06871490e+02, 1.85717361e+02,
    1.33114380e+02, 1.48429565e+02, 1.24519325e+02, 1.55615128e+02,
    1.15870461e+02, 1.62924561e+02, 1.07189095e+02, 1.70212128e+02,
    9.84290543e+01, 1.77572296e+02 ]
