%YAML:1.0
---
points: [ 6.97265137e+02, 1.50114258e+02, 7.30316833e+02, 2.08144089e+02,
    7.63219116e+02, 2.65457794e+02, 7.95409119e+02, 3.21832947e+02,
    8.27261902e+02, 3.77507080e+02, 6.38813538e+02, 1.76118591e+02,
    6.72953186e+02, 2.34592377e+02, 7.06693298e+02, 2.92757111e+02,
    7.39898621e+02, 3.49987183e+02, 7.72518738e+02, 4.06276947e+02,
    5.78690613e+02, 2.02645813e+02, 6.13641296e+02, 2.62044312e+02,
    6.48445679e+02, 3.20742310e+02, 6.82567078e+02, 3.78841217e+02,
    7.16197266e+02, 4.35726257e+02, 5.16331726e+02, 2.30357101e+02,
    5.52252014e+02, 2.90155243e+02, 5.87799622e+02, 3.49663452e+02,
    6.23094666e+02, 4.08563690e+02, 6.57610229e+02, 4.66442688e+02,
    4.51817780e+02, 2.58583801e+02, 4.88593872e+02, 3.19561829e+02,
    5.25214417e+02, 3.79544159e+02, 5.61302856e+02, 4.39049927e+02,
    5.97117615e+02, 4.97929382e+02, 3.85392731e+02, 2.88367462e+02,
    4.23238739e+02, 3.49883301e+02, 4.60532471e+02, 4.10869720e+02,
    4.97483093e+02, 4.71044830e+02, 5.34308899e+02, 5.30539062e+02,
    3.16821777e+02, 3.19147858e+02, 3.55066681e+02, 3.81348938e+02,
    3.93659576e+02, 4.43285889e+02, 4.31472992e+02, 5.04208191e+02,
    4.69147858e+02, 5.64389099e+02 ]
