%YAML:1.0
---
points: [ 1.82249084e+02, 1.87897751e+02, 1.72704071e+02, 1.90519287e+02,
    1.63204422e+02, 1.93138382e+02, 1.53917328e+02, 1.95615433e+02,
    1.44721222e+02, 1.98119507e+02, 1.78358276e+02, 1.77785934e+02,
    1.68678543e+02, 1.80510559e+02, 1.59232086e+02, 1.83145676e+02,
    1.49853958e+02, 1.85784729e+02, 1.40707596e+02, 1.88298843e+02,
    1.74463501e+02, 1.67443253e+02, 1.64638351e+02, 1.70355652e+02,
    1.54979187e+02, 1.73117783e+02, 1.45718262e+02, 1.75763184e+02,
    1.36550369e+02, 1.78393814e+02, 1.70305923e+02, 1.56985046e+02,
    1.60630569e+02, 1.59870193e+02, 1.50953400e+02, 1.62743240e+02,
    1.41580307e+02, 1.65554230e+02, 1.32331451e+02, 1.68247040e+02,
    1.66209549e+02, 1.46268982e+02, 1.56452774e+02, 1.49270859e+02,
    1.46775711e+02, 1.52268631e+02, 1.37321472e+02, 1.55195679e+02,
    1.28006882e+02, 1.58042709e+02, 1.62078766e+02, 1.35399033e+02,
    1.52223480e+02, 1.38478806e+02, 1.42545425e+02, 1.41528534e+02,
    1.33019669e+02, 1.44604813e+02, 1.23673706e+02, 1.47495239e+02,
    1.57791473e+02, 1.24333046e+02, 1.47849075e+02, 1.27527634e+02,
    1.38207550e+02, 1.30715637e+02, 1.28650818e+02, 1.33844452e+02,
    1.19246269e+02, 1.36964890e+02 ]
