%YAML:1.0
---
points: [ 6.98734985e+02, 4.89084717e+02, 6.70818542e+02, 4.96586823e+02,
    6.43318237e+02, 5.03653229e+02, 6.16081482e+02, 5.10962921e+02,
    5.89387695e+02, 5.17919250e+02, 6.87367615e+02, 4.59207642e+02,
    6.58765747e+02, 4.66819824e+02, 6.31328247e+02, 4.74476044e+02,
    6.04055115e+02, 4.81661621e+02, 5.77272156e+02, 4.88869904e+02,
    6.75370850e+02, 4.28567322e+02, 6.46633301e+02, 4.36656738e+02,
    6.18671631e+02, 4.44637360e+02, 5.91594482e+02, 4.52139862e+02,
    5.64645508e+02, 4.59627869e+02, 6.63301025e+02, 3.97594543e+02,
    6.34877686e+02, 4.05784576e+02, 6.06516479e+02, 4.13945831e+02,
    5.79085815e+02, 4.21965454e+02, 5.52129822e+02, 4.29569275e+02,
    6.50896606e+02, 3.65945007e+02, 6.22462341e+02, 3.74531769e+02,
    5.93979065e+02, 3.82895172e+02, 5.66600281e+02, 3.91192413e+02,
    5.39290649e+02, 3.99218750e+02, 6.38522034e+02, 3.33733337e+02,
    6.09780884e+02, 3.42554169e+02, 5.81453857e+02, 3.51228394e+02,
    5.53470703e+02, 3.59671814e+02, 5.26228943e+02, 3.68157257e+02,
    6.25584290e+02, 3.00829834e+02, 5.96761292e+02, 3.09982513e+02,
    5.68365417e+02, 3.18948181e+02, 5.40552124e+02, 3.27953827e+02,
    5.12866882e+02, 3.36535553e+02 ]
