%YAML:1.0
---
points: [ 3.75620087e+02, 2.29666000e+02, 3.61678009e+02, 2.39680603e+02,
    3.47917786e+02, 2.49583282e+02, 3.34351959e+02, 2.59276611e+02,
    3.21024902e+02, 2.68890259e+02, 3.64862091e+02, 2.16264496e+02,
    3.51045898e+02, 2.26201141e+02, 3.37395844e+02, 2.36116882e+02,
    3.24082336e+02, 2.45788986e+02, 3.10804199e+02, 2.55400253e+02,
    3.54239990e+02, 2.02831192e+02, 3.40596161e+02, 2.13026718e+02,
    3.27114288e+02, 2.22906479e+02, 3.13868408e+02, 2.32638428e+02,
    3.00887573e+02, 2.42248749e+02, 3.43875000e+02, 1.89759796e+02,
    3.30360321e+02, 1.99796494e+02, 3.16993713e+02, 2.09764633e+02,
    3.03921844e+02, 2.19584778e+02, 2.91117462e+02, 2.29219940e+02,
    3.33553680e+02, 1.76742981e+02, 3.20194000e+02, 1.86874451e+02,
    3.07042084e+02, 1.96899994e+02, 2.94171082e+02, 2.06677673e+02,
    2.81453430e+02, 2.16426865e+02, 3.23442505e+02, 1.64037323e+02,
    3.10331604e+02, 1.74184250e+02, 2.97275391e+02, 1.84130020e+02,
    2.84462769e+02, 1.93987152e+02, 2.71974243e+02, 2.03710571e+02,
    3.13418274e+02, 1.51292725e+02, 3.00393890e+02, 1.61499420e+02,
    2.87642487e+02, 1.71616837e+02, 2.75030243e+02, 1.81479828e+02,
    2.62561707e+02, 1.91172134e+02 ]
