%YAML:1.0
---
points: [ 7.26428650e+02, 4.85766632e+02, 6.98562744e+02, 4.94047302e+02,
    6.71461121e+02, 5.02036072e+02, 6.44678772e+02, 5.09739166e+02,
    6.18817810e+02, 5.17482971e+02, 7.13649475e+02, 4.53974060e+02,
    6.85391357e+02, 4.62638092e+02, 6.58291809e+02, 4.70998291e+02,
    6.31751587e+02, 4.79107513e+02, 6.05711182e+02, 4.87139740e+02,
    7.00545532e+02, 4.21536560e+02, 6.72160278e+02, 4.30686768e+02,
    6.44661011e+02, 4.39593170e+02, 6.18464233e+02, 4.48127136e+02,
    5.92349792e+02, 4.56360779e+02, 6.87315979e+02, 3.88607269e+02,
    6.59318359e+02, 3.98089172e+02, 6.31521545e+02, 4.07452881e+02,
    6.04867798e+02, 4.16359833e+02, 5.78877502e+02, 4.24964630e+02,
    6.73740173e+02, 3.55219452e+02, 6.45720459e+02, 3.65049042e+02,
    6.17877563e+02, 3.74653076e+02, 5.91298096e+02, 3.83987976e+02,
    5.65276489e+02, 3.93219055e+02, 6.60147949e+02, 3.21027130e+02,
    6.31841858e+02, 3.31471497e+02, 6.04368958e+02, 3.41457184e+02,
    5.77378601e+02, 3.51422852e+02, 5.51339478e+02, 3.60790619e+02,
    6.45958679e+02, 2.86330933e+02, 6.17747803e+02, 2.97194641e+02,
    5.90244812e+02, 3.07658936e+02, 5.63393555e+02, 3.17958405e+02,
    5.37113159e+02, 3.28028412e+02 ]
