%YAML:1.0
---
points: [ 1.12065149e+03, 2.43663010e+02, 1.11542798e+03, 3.06435944e+02,
    1.11036731e+03, 3.68578003e+02, 1.10536609e+03, 4.30031158e+02,
    1.10048987e+03, 4.91199219e+02, 1.05883679e+03, 2.42210342e+02,
    1.05395520e+03, 3.04007202e+02, 1.04914526e+03, 3.65609406e+02,
    1.04449963e+03, 4.26510284e+02, 1.03988147e+03, 4.86819489e+02,
    9.98551941e+02, 2.40499084e+02, 9.94079224e+02, 3.01819824e+02,
    9.89601013e+02, 3.62622467e+02, 9.85277588e+02, 4.23015137e+02,
    9.80951538e+02, 4.82599304e+02, 9.39502869e+02, 2.39094376e+02,
    9.35150146e+02, 2.99497894e+02, 9.30938171e+02, 3.59886932e+02,
    9.27075439e+02, 4.19410614e+02, 9.23122742e+02, 4.78559052e+02,
    8.81588806e+02, 2.37127975e+02, 8.77657654e+02, 2.97240356e+02,
    8.73646301e+02, 3.56671936e+02, 8.69737732e+02, 4.15779968e+02,
    8.66377014e+02, 4.74541565e+02, 8.25206787e+02, 2.35371323e+02,
    8.21819214e+02, 2.94900421e+02, 8.17775818e+02, 3.54080383e+02,
    8.14048645e+02, 4.12418365e+02, 8.11129944e+02, 4.70557770e+02,
    7.69614929e+02, 2.33541199e+02, 7.66056335e+02, 2.92417114e+02,
    7.63111938e+02, 3.51106049e+02, 7.59634888e+02, 4.08836975e+02,
    7.56558105e+02, 4.66382263e+02 ]
