%YAML:1.0
---
points: [ 1.92798157e+02, 1.86721664e+02, 1.83255798e+02, 1.89535065e+02,
    1.73849457e+02, 1.92384521e+02, 1.64594238e+02, 1.95171234e+02,
    1.55741104e+02, 1.97803299e+02, 1.88517685e+02, 1.75899414e+02,
    1.78741013e+02, 1.79001953e+02, 1.69331467e+02, 1.81871521e+02,
    1.60247879e+02, 1.84755188e+02, 1.51250046e+02, 1.87452972e+02,
    1.84097397e+02, 1.64954483e+02, 1.74288910e+02, 1.68202606e+02,
    1.64793213e+02, 1.71262756e+02, 1.55716843e+02, 1.74279526e+02,
    1.46736801e+02, 1.77198242e+02, 1.79620209e+02, 1.53800858e+02,
    1.69933334e+02, 1.57111969e+02, 1.60343964e+02, 1.60393677e+02,
    1.51163086e+02, 1.63548950e+02, 1.42232727e+02, 1.66537003e+02,
    1.75052124e+02, 1.42454941e+02, 1.65318359e+02, 1.45908386e+02,
    1.55822205e+02, 1.49340347e+02, 1.46575439e+02, 1.52684143e+02,
    1.37648972e+02, 1.55901123e+02, 1.70514404e+02, 1.30994110e+02,
    1.60688431e+02, 1.34591568e+02, 1.51195999e+02, 1.38147491e+02,
    1.41968124e+02, 1.41609314e+02, 1.32942932e+02, 1.44994965e+02,
    1.65734436e+02, 1.19277222e+02, 1.56045609e+02, 1.23090233e+02,
    1.46518982e+02, 1.26776031e+02, 1.37278778e+02, 1.30386856e+02,
    1.28183517e+02, 1.33973022e+02 ]
