%YAML:1.0
---
points: [ 3.13894714e+02, 2.83715546e+02, 2.97817627e+02, 2.86272736e+02,
    2.82100830e+02, 2.88756226e+02, 2.66493286e+02, 2.91218445e+02,
    2.51250381e+02, 2.93793365e+02, 3.10634247e+02, 2.67313477e+02,
    2.94770020e+02, 2.69999207e+02, 2.79052612e+02, 2.72606567e+02,
    2.63769287e+02, 2.75303314e+02, 2.48641922e+02, 2.77784180e+02,
    3.07499939e+02, 2.51333954e+02, 2.91650391e+02, 2.53979004e+02,
    2.76217621e+02, 2.56822418e+02, 2.60959869e+02, 2.59587982e+02,
    2.46030319e+02, 2.62138733e+02, 3.04351135e+02, 2.35400940e+02,
    2.88766785e+02, 2.38284821e+02, 2.73336365e+02, 2.41131836e+02,
    2.58303497e+02, 2.43911560e+02, 2.43438583e+02, 2.46730118e+02,
    3.01425385e+02, 2.19813141e+02, 2.85851440e+02, 2.22712311e+02,
    2.70575073e+02, 2.25747940e+02, 2.55581711e+02, 2.28621506e+02,
    2.40939270e+02, 2.31576477e+02, 2.98388519e+02, 2.04424728e+02,
    2.83100861e+02, 2.07541763e+02, 2.67908905e+02, 2.10571503e+02,
    2.53067032e+02, 2.13577057e+02, 2.38406555e+02, 2.16524811e+02,
    2.95482147e+02, 1.89160126e+02, 2.80265411e+02, 1.92324707e+02,
    2.65266235e+02, 1.95525726e+02, 2.50560211e+02, 1.98674286e+02,
    2.36083084e+02, 2.01750336e+02 ]
