%YAML:1.0
---
points: [ 2.50437744e+02, 2.09291183e+02, 2.44072540e+02, 2.19162659e+02,
    2.37623871e+02, 2.29012909e+02, 2.31297256e+02, 2.38803513e+02,
    2.24992371e+02, 2.48593369e+02, 2.40598648e+02, 2.02852814e+02,
    2.34206375e+02, 2.12864807e+02, 2.27724838e+02, 2.22783600e+02,
    2.21313339e+02, 2.32724152e+02, 2.14907135e+02, 2.42515457e+02,
    2.30576645e+02, 1.96488266e+02, 2.24133316e+02, 2.06573456e+02,
    2.17752762e+02, 2.16495209e+02, 2.11255829e+02, 2.26464371e+02,
    2.04801926e+02, 2.36419022e+02, 2.20494827e+02, 1.90068741e+02,
    2.14067978e+02, 2.00102539e+02, 2.07568558e+02, 2.10192810e+02,
    2.01110535e+02, 2.20227524e+02, 1.94594818e+02, 2.30225876e+02,
    2.10200684e+02, 1.83441330e+02, 2.03727890e+02, 1.93617706e+02,
    1.97230469e+02, 2.03754166e+02, 1.90702225e+02, 2.13890747e+02,
    1.84251556e+02, 2.23989655e+02, 1.99831192e+02, 1.76865326e+02,
    1.93291107e+02, 1.87102066e+02, 1.86753159e+02, 1.97261002e+02,
    1.80227036e+02, 2.07486328e+02, 1.73738327e+02, 2.17627258e+02,
    1.89309341e+02, 1.70154968e+02, 1.82744705e+02, 1.80462112e+02,
    1.76171356e+02, 1.90736450e+02, 1.69599045e+02, 2.00939606e+02,
    1.63071747e+02, 2.11108459e+02 ]
