%YAML:1.0
---
points: [ 2.56289154e+02, 2.93676025e+02, 2.45347702e+02, 3.03890625e+02,
    2.34610931e+02, 3.14092163e+02, 2.23924301e+02, 3.24144684e+02,
    2.13456451e+02, 3.34012787e+02, 2.46130325e+02, 2.81555847e+02,
    2.35438110e+02, 2.91813049e+02, 2.24798447e+02, 3.01982025e+02,
    2.14395554e+02, 3.11919006e+02, 2.04082367e+02, 3.21797150e+02,
    2.36350113e+02, 2.69855133e+02, 2.25749893e+02, 2.80011719e+02,
    2.15304459e+02, 2.90096771e+02, 2.05046021e+02, 3.00087708e+02,
    1.94907806e+02, 3.09921631e+02, 2.26659775e+02, 2.58365326e+02,
    2.16328873e+02, 2.68476349e+02, 2.05923737e+02, 2.78591858e+02,
    1.95920685e+02, 2.88421631e+02, 1.85915894e+02, 2.98318695e+02,
    2.17311844e+02, 2.47114822e+02, 2.07024414e+02, 2.57171570e+02,
    1.96780457e+02, 2.67232941e+02, 1.86855316e+02, 2.77101624e+02,
    1.77195435e+02, 2.86837311e+02, 2.08137421e+02, 2.36131729e+02,
    1.98046463e+02, 2.46172989e+02, 1.87964264e+02, 2.56171082e+02,
    1.78173416e+02, 2.65962219e+02, 1.68653275e+02, 2.75668243e+02,
    1.99085602e+02, 2.25334061e+02, 1.89137375e+02, 2.35323471e+02,
    1.79368591e+02, 2.45266891e+02, 1.69760864e+02, 2.55021744e+02,
    1.60166199e+02, 2.64743988e+02 ]
