%YAML:1.0
---
points: [ 7.49693420e+02, 2.80434357e+02, 7.72567566e+02, 3.27613708e+02,
    7.95909241e+02, 3.75619141e+02, 8.19360229e+02, 4.23881470e+02,
    8.43012573e+02, 4.72655212e+02, 6.97857239e+02, 2.97915405e+02,
    7.21009583e+02, 3.45892822e+02, 7.44368286e+02, 3.94695068e+02,
    7.68011414e+02, 4.44089996e+02, 7.91618713e+02, 4.93745972e+02,
    6.44618835e+02, 3.15902466e+02, 6.67719299e+02, 3.64751160e+02,
    6.91301208e+02, 4.14368256e+02, 7.14857605e+02, 4.64633331e+02,
    7.38726868e+02, 5.15354919e+02, 5.89391296e+02, 3.34565979e+02,
    6.12697632e+02, 3.84238037e+02, 6.36224670e+02, 4.34593048e+02,
    6.60125488e+02, 4.86062317e+02, 6.83837524e+02, 5.37598022e+02,
    5.32422546e+02, 3.53586029e+02, 5.55671692e+02, 4.04460999e+02,
    5.79212952e+02, 4.55476990e+02, 6.03047852e+02, 5.07562164e+02,
    6.27225220e+02, 5.60660645e+02, 4.73601135e+02, 3.73561340e+02,
    4.97045898e+02, 4.25379883e+02, 5.20480652e+02, 4.77677429e+02,
    5.44237549e+02, 5.30522705e+02, 5.68455872e+02, 5.84513062e+02,
    4.13061005e+02, 3.94228210e+02, 4.36047485e+02, 4.46729309e+02,
    4.59744476e+02, 5.00448273e+02, 4.83441559e+02, 5.54347778e+02,
    5.07555817e+02, 6.09313965e+02 ]
