%YAML:1.0
---
points: [ 8.93969238e+02, 5.53946655e+02, 8.74746033e+02, 5.82963379e+02,
    8.55714783e+02, 6.11595032e+02, 8.36626099e+02, 6.40532654e+02,
    8.17653748e+02, 6.69156616e+02, 8.64703918e+02, 5.35007202e+02,
    8.45551025e+02, 5.64177673e+02, 8.26414490e+02, 5.93236877e+02,
    8.07215820e+02, 6.21999512e+02, 7.88121155e+02, 6.50844482e+02,
    8.35309387e+02, 5.15803040e+02, 8.15923157e+02, 5.45353455e+02,
    7.96709229e+02, 5.74398987e+02, 7.77506836e+02, 6.03506165e+02,
    7.58254944e+02, 6.32506287e+02, 8.05419434e+02, 4.96549500e+02,
    7.86048584e+02, 5.25922913e+02, 7.66628052e+02, 5.55393127e+02,
    7.47323181e+02, 5.84672363e+02, 7.28040649e+02, 6.13887939e+02,
    7.75173035e+02, 4.76857056e+02, 7.55597778e+02, 5.06492157e+02,
    7.36221069e+02, 5.36118835e+02, 7.16669739e+02, 5.65622681e+02,
    6.97376038e+02, 5.94983948e+02, 7.44439453e+02, 4.57044861e+02,
    7.24897949e+02, 4.86769714e+02, 7.05369202e+02, 5.16648193e+02,
    6.85726440e+02, 5.46429871e+02, 6.66294495e+02, 5.75954346e+02,
    7.13312256e+02, 4.36797913e+02, 6.93584229e+02, 4.67023010e+02,
    6.74062866e+02, 4.96907471e+02, 6.54412048e+02, 5.26884644e+02,
    6.34806274e+02, 5.56596497e+02 ]
