%YAML:1.0
---
points: [ 2.12936386e+02, 1.93182007e+02, 2.15453445e+02, 2.08077194e+02,
    2.17973419e+02, 2.22864471e+02, 2.20499786e+02, 2.37539124e+02,
    2.22966156e+02, 2.51965912e+02, 1.97890305e+02, 1.95514450e+02,
    2.00529984e+02, 2.10322372e+02, 2.03144806e+02, 2.25161102e+02,
    2.05683777e+02, 2.39800919e+02, 2.08143738e+02, 2.54278961e+02,
    1.82950958e+02, 1.97812820e+02, 1.85616089e+02, 2.12746033e+02,
    1.88234207e+02, 2.27380219e+02, 1.90894440e+02, 2.42154953e+02,
    1.93518631e+02, 2.56469086e+02, 1.67874634e+02, 2.00080704e+02,
    1.70668869e+02, 2.15110580e+02, 1.73331329e+02, 2.29740845e+02,
    1.76062546e+02, 2.44376999e+02, 1.78795258e+02, 2.58803589e+02,
    1.52889297e+02, 2.02334930e+02, 1.55733200e+02, 2.17370316e+02,
    1.58403015e+02, 2.32073410e+02, 1.61227798e+02, 2.46664627e+02,
    1.64077759e+02, 2.61127075e+02, 1.37981018e+02, 2.04685699e+02,
    1.40914352e+02, 2.19507050e+02, 1.43676117e+02, 2.34264404e+02,
    1.46528564e+02, 2.48908096e+02, 1.49380386e+02, 2.63238342e+02,
    1.23027901e+02, 2.07088593e+02, 1.26010208e+02, 2.21880280e+02,
    1.28915466e+02, 2.36404846e+02, 1.31805176e+02, 2.51054001e+02,
    1.34743576e+02, 2.65359283e+02 ]
