%YAML:1.0
---
points: [ 3.04339386e+02, 1.82648224e+02, 3.00566345e+02, 1.93912247e+02,
    2.96900909e+02, 2.04894531e+02, 2.93219421e+02, 2.15827011e+02,
    2.89560944e+02, 2.26632065e+02, 2.93018860e+02, 1.79039154e+02,
    2.89314148e+02, 1.90291763e+02, 2.85623016e+02, 2.01302002e+02,
    2.82103271e+02, 2.12300262e+02, 2.78487549e+02, 2.23088348e+02,
    2.81685822e+02, 1.75582703e+02, 2.78067444e+02, 1.86705765e+02,
    2.74457764e+02, 1.97820175e+02, 2.70928589e+02, 2.08713043e+02,
    2.67462250e+02, 2.19523438e+02, 2.70359161e+02, 1.71957703e+02,
    2.66867096e+02, 1.83176117e+02, 2.63304291e+02, 1.94266388e+02,
    2.59952484e+02, 2.05236130e+02, 2.56544739e+02, 2.16042343e+02,
    2.59149872e+02, 1.68391083e+02, 2.55687271e+02, 1.79613541e+02,
    2.52180878e+02, 1.90721054e+02, 2.48823914e+02, 2.01666107e+02,
    2.45454544e+02, 2.12509415e+02, 2.47837753e+02, 1.64783554e+02,
    2.44468445e+02, 1.76096970e+02, 2.41151703e+02, 1.87228348e+02,
    2.37809570e+02, 1.98205276e+02, 2.34588943e+02, 2.08929550e+02,
    2.36615906e+02, 1.61224777e+02, 2.33295685e+02, 1.72538589e+02,
    2.30061661e+02, 1.83601730e+02, 2.26794312e+02, 1.94719452e+02,
    2.23629471e+02, 2.05547165e+02 ]
