%YAML:1.0
---
points: [ 6.31136292e+02, 4.49681000e+02, 6.46358398e+02, 4.82662323e+02,
    6.61877319e+02, 5.16450989e+02, 6.77588196e+02, 5.50606934e+02,
    6.93616089e+02, 5.85368530e+02, 5.92364197e+02, 4.63634125e+02,
    6.07526855e+02, 4.97166901e+02, 6.22806946e+02, 5.31399414e+02,
    6.38524536e+02, 5.66170471e+02, 6.54358337e+02, 6.01416626e+02,
    5.52653931e+02, 4.77862091e+02, 5.67629578e+02, 5.11807831e+02,
    5.82869080e+02, 5.46563782e+02, 5.98416260e+02, 5.82065002e+02,
    6.14238098e+02, 6.17880920e+02, 5.12136902e+02, 4.92549347e+02,
    5.26747070e+02, 5.27016968e+02, 5.41795227e+02, 5.62336243e+02,
    5.57343079e+02, 5.98383362e+02, 5.72697571e+02, 6.34887146e+02,
    4.70586853e+02, 5.07428589e+02, 4.85123596e+02, 5.42511841e+02,
    4.99644409e+02, 5.78169006e+02, 5.14740479e+02, 6.14738770e+02,
    5.30502686e+02, 6.52293213e+02, 4.28156128e+02, 5.22842224e+02,
    4.42583679e+02, 5.58639221e+02, 4.57084656e+02, 5.94922119e+02,
    4.71779724e+02, 6.31931519e+02, 4.87095306e+02, 6.69934998e+02,
    3.84706848e+02, 5.38672180e+02, 3.98655243e+02, 5.74798340e+02,
    4.13316132e+02, 6.12075745e+02, 4.27674042e+02, 6.49616272e+02,
    4.42646667e+02, 6.88263306e+02 ]
