%YAML:1.0
---
points: [ 1.05311670e+03, 4.77551727e+02, 1.04195947e+03, 5.10312225e+02,
    1.03107910e+03, 5.42536682e+02, 1.02026428e+03, 5.74639404e+02,
    1.00961749e+03, 6.06124207e+02, 1.01991528e+03, 4.66500793e+02,
    1.00889746e+03, 4.99481964e+02, 9.98291443e+02, 5.31818481e+02,
    9.87616577e+02, 5.63725769e+02, 9.77300720e+02, 5.95432739e+02,
    9.86686035e+02, 4.55517273e+02, 9.76104187e+02, 4.88612091e+02,
    9.65499817e+02, 5.21233643e+02, 9.55216553e+02, 5.53233398e+02,
    9.44970215e+02, 5.84605530e+02, 9.53668030e+02, 4.44753265e+02,
    9.43366516e+02, 4.77763275e+02, 9.32860718e+02, 5.10329468e+02,
    9.22779846e+02, 5.42437439e+02, 9.12748108e+02, 5.74001526e+02,
    9.20670166e+02, 4.33870789e+02, 9.10488831e+02, 4.66864807e+02,
    9.00419739e+02, 4.99577118e+02, 8.90369080e+02, 5.31624512e+02,
    8.80503540e+02, 5.63376587e+02, 8.87566772e+02, 4.23178192e+02,
    8.77603638e+02, 4.56156616e+02, 8.67722168e+02, 4.88689819e+02,
    8.58076050e+02, 5.21112000e+02, 8.48459229e+02, 5.52667480e+02,
    8.54483521e+02, 4.12210663e+02, 8.44760681e+02, 4.45346832e+02,
    8.35151611e+02, 4.77993774e+02, 8.25593140e+02, 5.10376312e+02,
    8.16329590e+02, 5.42206299e+02 ]
