%YAML:1.0
---
points: [ 1.14835974e+03, 5.56365234e+02, 1.12634497e+03, 5.84729187e+02,
    1.10467310e+03, 6.12926392e+02, 1.08311829e+03, 6.41048340e+02,
    1.06181140e+03, 6.68757629e+02, 1.11991248e+03, 5.34845154e+02,
    1.09818750e+03, 5.63116028e+02, 1.07671289e+03, 5.91151611e+02,
    1.05559900e+03, 6.19080505e+02, 1.03459204e+03, 6.46600891e+02,
    1.09208472e+03, 5.13936401e+02, 1.07055603e+03, 5.41877075e+02,
    1.04943896e+03, 5.69706909e+02, 1.02857288e+03, 5.97555481e+02,
    1.00792957e+03, 6.24936279e+02, 1.06475366e+03, 4.93473511e+02,
    1.04374670e+03, 5.21378357e+02, 1.02273962e+03, 5.48847046e+02,
    1.00221313e+03, 5.76430969e+02, 9.81874390e+02, 6.03634521e+02,
    1.03801257e+03, 4.73418976e+02, 1.01732898e+03, 5.01020172e+02,
    9.96644409e+02, 5.28407959e+02, 9.76367798e+02, 5.55739685e+02,
    9.56343079e+02, 5.82791077e+02, 1.01172559e+03, 4.53623413e+02,
    9.91374756e+02, 4.81149170e+02, 9.71111816e+02, 5.08412170e+02,
    9.51000244e+02, 5.35574585e+02, 9.31212036e+02, 5.62478760e+02,
    9.85879211e+02, 4.34263580e+02, 9.65804443e+02, 4.61556641e+02,
    9.45915161e+02, 4.88707001e+02, 9.26121521e+02, 5.15723328e+02,
    9.06480713e+02, 5.42433777e+02 ]
