%YAML:1.0
---
points: [ 3.37627472e+02, 2.09153091e+02, 3.30167755e+02, 2.18971146e+02,
    3.22807251e+02, 2.28566132e+02, 3.15394165e+02, 2.38243988e+02,
    3.08219696e+02, 2.47659103e+02, 3.27663971e+02, 2.01953888e+02,
    3.20316772e+02, 2.11619400e+02, 3.13007904e+02, 2.21256500e+02,
    3.05870209e+02, 2.30795013e+02, 2.98708618e+02, 2.40241028e+02,
    3.17893524e+02, 1.94912445e+02, 3.10593842e+02, 2.04528915e+02,
    3.03456482e+02, 2.14053513e+02, 2.96375732e+02, 2.23558380e+02,
    2.89409973e+02, 2.32979218e+02, 3.08349762e+02, 1.88101364e+02,
    3.01236328e+02, 1.97653809e+02, 2.94164764e+02, 2.07084854e+02,
    2.87178162e+02, 2.16506927e+02, 2.80271942e+02, 2.25825516e+02,
    2.99025940e+02, 1.81312164e+02, 2.92004150e+02, 1.90779907e+02,
    2.85011383e+02, 2.00224564e+02, 2.78168579e+02, 2.09593750e+02,
    2.71370209e+02, 2.18885559e+02, 2.89866669e+02, 1.74679825e+02,
    2.82961395e+02, 1.84169403e+02, 2.76092407e+02, 1.93386688e+02,
    2.69292816e+02, 2.02804077e+02, 2.62570953e+02, 2.11979752e+02,
    2.80854584e+02, 1.68222595e+02, 2.73968903e+02, 1.77612183e+02,
    2.67298309e+02, 1.86884293e+02, 2.60594269e+02, 1.96252716e+02,
    2.54060791e+02, 2.05263336e+02 ]
