%YAML:1.0
---
points: [ 5.54225220e+02, 2.66237335e+02, 5.65392517e+02, 3.08660461e+02,
    5.76571594e+02, 3.50744354e+02, 5.87607544e+02, 3.92275787e+02,
    5.98642578e+02, 4.33313385e+02, 5.09383850e+02, 2.72998901e+02,
    5.21165100e+02, 3.15853302e+02, 5.32704346e+02, 3.58472137e+02,
    5.44070679e+02, 4.00446533e+02, 5.55276184e+02, 4.41716125e+02,
    4.63743225e+02, 2.79965485e+02, 4.75638763e+02, 3.23377197e+02,
    4.87623871e+02, 3.66250427e+02, 4.99441071e+02, 4.08574585e+02,
    5.11192474e+02, 4.50477448e+02, 4.16794403e+02, 2.86919434e+02,
    4.29012512e+02, 3.30674652e+02, 4.41342682e+02, 3.74396484e+02,
    4.53607758e+02, 4.17312195e+02, 4.65573151e+02, 4.59588379e+02,
    3.68775269e+02, 2.94206238e+02, 3.81383118e+02, 3.38624084e+02,
    3.93976807e+02, 3.82447235e+02, 4.06527252e+02, 4.25812988e+02,
    4.19256195e+02, 4.68826752e+02, 3.19689819e+02, 3.01904236e+02,
    3.32840149e+02, 3.46567627e+02, 3.45756042e+02, 3.91256683e+02,
    3.58558502e+02, 4.34761780e+02, 3.71532928e+02, 4.78320892e+02,
    2.69638153e+02, 3.09669708e+02, 2.82879974e+02, 3.55062134e+02,
    2.96491425e+02, 3.99861267e+02, 3.09677246e+02, 4.44259979e+02,
    3.22845734e+02, 4.87841858e+02 ]
