%YAML:1.0
---
points: [ 2.12661392e+02, 8.30868683e+01, 2.16287262e+02, 1.01791397e+02,
    2.20028046e+02, 1.19971169e+02, 2.23465073e+02, 1.37663025e+02,
    2.26868759e+02, 1.54418488e+02, 1.94685364e+02, 8.62136993e+01,
    1.98751099e+02, 1.04935539e+02, 2.02664185e+02, 1.23147354e+02,
    2.06495361e+02, 1.40479065e+02, 2.10136414e+02, 1.57296539e+02,
    1.76886047e+02, 8.94048157e+01, 1.81206512e+02, 1.07999840e+02,
    1.85413712e+02, 1.25964828e+02, 1.89530502e+02, 1.43394150e+02,
    1.93502014e+02, 1.60029602e+02, 1.59028503e+02, 9.24868851e+01,
    1.63668381e+02, 1.11002167e+02, 1.68113022e+02, 1.28968399e+02,
    1.72620758e+02, 1.46125778e+02, 1.76833176e+02, 1.62760010e+02,
    1.41333786e+02, 9.56016235e+01, 1.46195267e+02, 1.13976715e+02,
    1.50968628e+02, 1.31844315e+02, 1.55581070e+02, 1.49007568e+02,
    1.60231644e+02, 1.65561661e+02, 1.23773369e+02, 9.87545013e+01,
    1.28939316e+02, 1.16928169e+02, 1.33862442e+02, 1.34672287e+02,
    1.38803421e+02, 1.51804474e+02, 1.43649551e+02, 1.68137177e+02,
    1.06263458e+02, 1.01852371e+02, 1.11562683e+02, 1.19978935e+02,
    1.16990395e+02, 1.37479904e+02, 1.22150528e+02, 1.54489670e+02,
    1.27175339e+02, 1.70866516e+02 ]
