%YAML:1.0
---
points: [ 8.36009277e+02, 2.28067917e+02, 8.36586121e+02, 2.76593964e+02,
    8.37163696e+02, 3.24540985e+02, 8.37607422e+02, 3.71505066e+02,
    8.38188660e+02, 4.17613586e+02, 7.88328552e+02, 2.26499512e+02,
    7.89320496e+02, 2.75496460e+02, 7.90343811e+02, 3.23616150e+02,
    7.91154541e+02, 3.70870941e+02, 7.92039978e+02, 4.17415680e+02,
    7.39881592e+02, 2.24852448e+02, 7.41421692e+02, 2.74292755e+02,
    7.42875549e+02, 3.22819916e+02, 7.44257568e+02, 3.70417633e+02,
    7.45420410e+02, 4.17008759e+02, 6.90865662e+02, 2.23298340e+02,
    6.92655334e+02, 2.72733002e+02, 6.94541992e+02, 3.21702606e+02,
    6.96463196e+02, 3.69599518e+02, 6.98120117e+02, 4.16619110e+02,
    6.41269104e+02, 2.21427887e+02, 6.43528259e+02, 2.71374664e+02,
    6.45553223e+02, 3.20503479e+02, 6.47873047e+02, 3.68747131e+02,
    6.50271729e+02, 4.16122833e+02, 5.90946899e+02, 2.19558807e+02,
    5.93707336e+02, 2.69888062e+02, 5.96401978e+02, 3.19433868e+02,
    5.98764099e+02, 3.67882812e+02, 6.01705627e+02, 4.15542206e+02,
    5.39948669e+02, 2.17828232e+02, 5.43104919e+02, 2.68365448e+02,
    5.46318665e+02, 3.18287079e+02, 5.49299438e+02, 3.66847595e+02,
    5.52435791e+02, 4.14918945e+02 ]
