%YAML:1.0
---
points: [ 1.03732251e+03, 6.16331299e+02, 1.02667065e+03, 6.47978394e+02,
    1.01637817e+03, 6.79728271e+02, 1.00560480e+03, 7.12091187e+02,
    9.95326355e+02, 7.44342651e+02, 1.00547559e+03, 6.05556946e+02,
    9.95142456e+02, 6.37203003e+02, 9.84416077e+02, 6.68963623e+02,
    9.73844177e+02, 7.00953125e+02, 9.63124573e+02, 7.33303772e+02,
    9.74068909e+02, 5.94921082e+02, 9.63348145e+02, 6.26418030e+02,
    9.52752930e+02, 6.58100647e+02, 9.41993958e+02, 6.90191711e+02,
    9.31376709e+02, 7.22207275e+02, 9.42585510e+02, 5.84411072e+02,
    9.32095093e+02, 6.15745483e+02, 9.21277161e+02, 6.47374207e+02,
    9.10453735e+02, 6.79301697e+02, 8.99545837e+02, 7.11299988e+02,
    9.11458313e+02, 5.73861694e+02, 9.00557678e+02, 6.05245544e+02,
    8.89812195e+02, 6.36619324e+02, 8.78823975e+02, 6.68495239e+02,
    8.68026367e+02, 7.00325562e+02, 8.80285950e+02, 5.63545288e+02,
    8.69497192e+02, 5.94695068e+02, 8.58510620e+02, 6.26156555e+02,
    8.47613770e+02, 6.57723694e+02, 8.36519348e+02, 6.89557556e+02,
    8.49235168e+02, 5.53107056e+02, 8.38338684e+02, 5.84368408e+02,
    8.27450928e+02, 6.15581360e+02, 8.16321533e+02, 6.47248352e+02,
    8.05324036e+02, 6.78779846e+02 ]
