%YAML:1.0
---
points: [ 3.93561737e+02, 1.29713333e+02, 3.82472015e+02, 1.46753586e+02,
    3.71747742e+02, 1.63515991e+02, 3.61173889e+02, 1.79486984e+02,
    3.51133087e+02, 1.94985092e+02, 3.76244293e+02, 1.19984802e+02,
    3.65514801e+02, 1.37427826e+02, 3.54916168e+02, 1.54327271e+02,
    3.44846863e+02, 1.70450058e+02, 3.35133972e+02, 1.85956253e+02,
    3.59138458e+02, 1.10783470e+02, 3.48555328e+02, 1.28216385e+02,
    3.38458099e+02, 1.45185196e+02, 3.28684082e+02, 1.61416275e+02,
    3.19280853e+02, 1.77072586e+02, 3.42063629e+02, 1.01513924e+02,
    3.31973663e+02, 1.19093704e+02, 3.22111572e+02, 1.36051666e+02,
    3.12717255e+02, 1.52460892e+02, 3.03667023e+02, 1.68121933e+02,
    3.25251892e+02, 9.22709579e+01, 3.15397705e+02, 1.09960045e+02,
    3.06082642e+02, 1.27075409e+02, 2.96831512e+02, 1.43521454e+02,
    2.88239227e+02, 1.59334183e+02, 3.08573853e+02, 8.30785294e+01,
    2.99201508e+02, 1.00867226e+02, 2.90037231e+02, 1.18058792e+02,
    2.81286743e+02, 1.34649612e+02, 2.73014648e+02, 1.50469955e+02,
    2.92074677e+02, 7.39963303e+01, 2.82960876e+02, 9.18809128e+01,
    2.74312408e+02, 1.09170563e+02, 2.65864960e+02, 1.25721542e+02,
    2.57827606e+02, 1.41758560e+02 ]
