%YAML:1.0
---
points: [ 2.98634705e+02, 2.29914917e+02, 2.95250854e+02, 2.40715637e+02,
    2.91877777e+02, 2.51601715e+02, 2.88443329e+02, 2.62633759e+02,
    2.85073334e+02, 2.73516113e+02, 2.87765839e+02, 2.26381683e+02,
    2.84390472e+02, 2.37150864e+02, 2.80958008e+02, 2.48000320e+02,
    2.77495911e+02, 2.58887360e+02, 2.74084015e+02, 2.69898773e+02,
    2.77016602e+02, 2.22912552e+02, 2.73560425e+02, 2.33581390e+02,
    2.70176056e+02, 2.44399918e+02, 2.66639862e+02, 2.55280243e+02,
    2.63173645e+02, 2.66337708e+02, 2.66254822e+02, 2.19431396e+02,
    2.62778015e+02, 2.30130646e+02, 2.59340027e+02, 2.40872437e+02,
    2.55836792e+02, 2.51706223e+02, 2.52323730e+02, 2.62668793e+02,
    2.55591370e+02, 2.15938919e+02, 2.52107788e+02, 2.26661835e+02,
    2.48566956e+02, 2.37335175e+02, 2.45054352e+02, 2.48209824e+02,
    2.41453918e+02, 2.59083710e+02, 2.44898468e+02, 2.12428635e+02,
    2.41353073e+02, 2.23259521e+02, 2.37954330e+02, 2.33877228e+02,
    2.34348221e+02, 2.44732056e+02, 2.30802048e+02, 2.55548203e+02,
    2.34265991e+02, 2.09126663e+02, 2.30755707e+02, 2.19751297e+02,
    2.27212692e+02, 2.30406662e+02, 2.23623398e+02, 2.41192749e+02,
    2.20084000e+02, 2.51964401e+02 ]
