%YAML:1.0
---
points: [ 3.24604462e+02, 2.30094666e+02, 3.23440247e+02, 2.46386246e+02,
    3.22250305e+02, 2.62802643e+02, 3.21134033e+02, 2.79212555e+02,
    3.20021088e+02, 2.95632172e+02, 3.08214905e+02, 2.28755478e+02,
    3.07078156e+02, 2.45110748e+02, 3.05851257e+02, 2.61434784e+02,
    3.04607208e+02, 2.77897400e+02, 3.03444916e+02, 2.94195312e+02,
    2.91828827e+02, 2.27433212e+02, 2.90710144e+02, 2.43831879e+02,
    2.89468292e+02, 2.60108521e+02, 2.88291962e+02, 2.76440460e+02,
    2.87099854e+02, 2.92884674e+02, 2.75534760e+02, 2.26183914e+02,
    2.74333923e+02, 2.42390457e+02, 2.73144745e+02, 2.58814392e+02,
    2.71909821e+02, 2.75171082e+02, 2.70714844e+02, 2.91373230e+02,
    2.59331512e+02, 2.24969742e+02, 2.58057343e+02, 2.41208664e+02,
    2.56834076e+02, 2.57443481e+02, 2.55665054e+02, 2.73806702e+02,
    2.54422501e+02, 2.90167633e+02, 2.43111206e+02, 2.23853653e+02,
    2.41847122e+02, 2.40008911e+02, 2.40643509e+02, 2.56138092e+02,
    2.39462051e+02, 2.72402679e+02, 2.38213440e+02, 2.88784119e+02,
    2.26902634e+02, 2.22495102e+02, 2.25652603e+02, 2.38662781e+02,
    2.24425415e+02, 2.55023422e+02, 2.23202728e+02, 2.71325867e+02,
    2.21949127e+02, 2.87465302e+02 ]
