%YAML:1.0
---
points: [ 1.09063257e+03, 6.17580688e+02, 1.08656030e+03, 6.65558167e+02,
    1.08250708e+03, 7.13443481e+02, 1.07865918e+03, 7.61628174e+02,
    1.07471973e+03, 8.09668762e+02, 1.04252075e+03, 6.13246582e+02,
    1.03850745e+03, 6.61240051e+02, 1.03437964e+03, 7.09115845e+02,
    1.03039197e+03, 7.57138367e+02, 1.02648682e+03, 8.05336487e+02,
    9.94600525e+02, 6.08798950e+02, 9.90536865e+02, 6.56893738e+02,
    9.86442139e+02, 7.04876953e+02, 9.82359192e+02, 7.52981140e+02,
    9.78448425e+02, 8.00945984e+02, 9.46706970e+02, 6.04677795e+02,
    9.42750916e+02, 6.52570129e+02, 9.38519958e+02, 7.00562012e+02,
    9.34410767e+02, 7.48562439e+02, 9.30432800e+02, 7.96407959e+02,
    8.98933228e+02, 6.00648926e+02, 8.94903137e+02, 6.48419983e+02,
    8.90741028e+02, 6.96268372e+02, 8.86556213e+02, 7.44199768e+02,
    8.82454041e+02, 7.91951843e+02, 8.51337280e+02, 5.96630310e+02,
    8.47324280e+02, 6.44357361e+02, 8.43207458e+02, 6.91975525e+02,
    8.38867920e+02, 7.39876465e+02, 8.34645447e+02, 7.87693909e+02,
    8.03540894e+02, 5.92471252e+02, 7.99515625e+02, 6.40136780e+02,
    7.95440125e+02, 6.87714722e+02, 7.91251892e+02, 7.35721802e+02,
    7.86840759e+02, 7.83503967e+02 ]
