%YAML:1.0
---
points: [ 1.36685266e+03, 2.13374710e+02, 1.34701282e+03, 2.72237122e+02,
    1.32752844e+03, 3.29727386e+02, 1.30854468e+03, 3.85725830e+02,
    1.29028748e+03, 4.40060577e+02, 1.30812781e+03, 2.00135605e+02,
    1.28921472e+03, 2.58566711e+02, 1.27054578e+03, 3.15644165e+02,
    1.25268542e+03, 3.71100311e+02, 1.23533850e+03, 4.24905914e+02,
    1.25076196e+03, 1.86950912e+02, 1.23266248e+03, 2.45088165e+02,
    1.21516199e+03, 3.01803528e+02, 1.19812134e+03, 3.56728180e+02,
    1.18158667e+03, 4.10222382e+02, 1.19454749e+03, 1.74338425e+02,
    1.17752466e+03, 2.31737259e+02, 1.16073401e+03, 2.87994110e+02,
    1.14466907e+03, 3.42577759e+02, 1.12913953e+03, 3.95813354e+02,
    1.13980420e+03, 1.61463806e+02, 1.12362170e+03, 2.18707687e+02,
    1.10764185e+03, 2.74520996e+02, 1.09244165e+03, 3.28831238e+02,
    1.07796558e+03, 3.81532379e+02, 1.08641199e+03, 1.49283615e+02,
    1.07110925e+03, 2.05943954e+02, 1.05626270e+03, 2.61430206e+02,
    1.04171277e+03, 3.15126251e+02, 1.02787866e+03, 3.67459961e+02,
    1.03387183e+03, 1.36766602e+02, 1.01952039e+03, 1.93162750e+02,
    1.00562610e+03, 2.48416687e+02, 9.91866943e+02, 3.01724762e+02,
    9.78820251e+02, 3.53704285e+02 ]
