%YAML:1.0
---
points: [ 3.74256958e+02, 2.26911560e+02, 3.67259583e+02, 2.35887970e+02,
    3.60165344e+02, 2.44949493e+02, 3.53048431e+02, 2.54059616e+02,
    3.45907410e+02, 2.63022369e+02, 3.65146454e+02, 2.19687866e+02,
    3.58060028e+02, 2.28664566e+02, 3.50920166e+02, 2.37649200e+02,
    3.43825653e+02, 2.46700455e+02, 3.36708832e+02, 2.55719162e+02,
    3.55925262e+02, 2.12500244e+02, 3.48856964e+02, 2.21442383e+02,
    3.41766052e+02, 2.30401672e+02, 3.34626160e+02, 2.39382935e+02,
    3.27492828e+02, 2.48394562e+02, 3.46812378e+02, 2.05304474e+02,
    3.39731934e+02, 2.14262466e+02, 3.32659698e+02, 2.23185669e+02,
    3.25495880e+02, 2.32159363e+02, 3.18376556e+02, 2.41131546e+02,
    3.37655273e+02, 1.98140305e+02, 3.30620850e+02, 2.07021042e+02,
    3.23577362e+02, 2.16008682e+02, 3.16435486e+02, 2.24918442e+02,
    3.09292572e+02, 2.33877121e+02, 3.28649445e+02, 1.91029114e+02,
    3.21602356e+02, 1.99843094e+02, 3.14488495e+02, 2.08818466e+02,
    3.07353821e+02, 2.17754868e+02, 3.00281769e+02, 2.26681061e+02,
    3.19642395e+02, 1.83897522e+02, 3.12560760e+02, 1.92765991e+02,
    3.05399658e+02, 2.01623459e+02, 2.98329346e+02, 2.10624374e+02,
    2.91257812e+02, 2.19424850e+02 ]
