%YAML:1.0
---
points: [ 1.37974390e+03, 6.35500549e+02, 1.33543945e+03, 6.60030457e+02,
    1.29152148e+03, 6.84451233e+02, 1.24843213e+03, 7.08375793e+02,
    1.20574097e+03, 7.32170044e+02, 1.35150354e+03, 5.93395081e+02,
    1.30780505e+03, 6.17891113e+02, 1.26460925e+03, 6.42264771e+02,
    1.22223853e+03, 6.66228027e+02, 1.18045068e+03, 6.89855591e+02,
    1.32389917e+03, 5.52435425e+02, 1.28104590e+03, 5.76862976e+02,
    1.23855554e+03, 6.01154480e+02, 1.19681628e+03, 6.25159851e+02,
    1.15570581e+03, 6.48752502e+02, 1.29720972e+03, 5.12411072e+02,
    1.25482483e+03, 5.36787842e+02, 1.21322888e+03, 5.61004700e+02,
    1.17215332e+03, 5.85044495e+02, 1.13165393e+03, 6.08629700e+02,
    1.27109229e+03, 4.73436035e+02, 1.22959338e+03, 4.97821930e+02,
    1.18846619e+03, 5.21745667e+02, 1.14804065e+03, 5.45681519e+02,
    1.10837036e+03, 5.69526184e+02, 1.24581226e+03, 4.35402618e+02,
    1.20494189e+03, 4.59810303e+02, 1.16453601e+03, 4.83913879e+02,
    1.12468030e+03, 5.07607269e+02, 1.08559851e+03, 5.31392761e+02,
    1.22108594e+03, 3.98271851e+02, 1.18085901e+03, 4.22500885e+02,
    1.14107874e+03, 4.46731964e+02, 1.10202673e+03, 4.70484100e+02,
    1.06341711e+03, 4.94006134e+02 ]
