%YAML:1.0
---
points: [ 3.93756531e+02, 1.98759827e+02, 3.89365906e+02, 2.16215714e+02,
    3.84937897e+02, 2.33615402e+02, 3.80664276e+02, 2.50760681e+02,
    3.76353546e+02, 2.67563721e+02, 3.75262909e+02, 1.94770187e+02,
    3.70914734e+02, 2.12196823e+02, 3.66716370e+02, 2.29263321e+02,
    3.62447113e+02, 2.46190887e+02, 3.58379425e+02, 2.62962952e+02,
    3.56963043e+02, 1.90895111e+02, 3.52904633e+02, 2.08143753e+02,
    3.48869202e+02, 2.25192917e+02, 3.44770599e+02, 2.41983521e+02,
    3.40819305e+02, 2.58448120e+02, 3.39244568e+02, 1.87217209e+02,
    3.35313812e+02, 2.04193634e+02, 3.31241608e+02, 2.21011307e+02,
    3.27407410e+02, 2.37688477e+02, 3.23623413e+02, 2.53928986e+02,
    3.21947418e+02, 1.83614029e+02, 3.18019592e+02, 2.00430618e+02,
    3.14256195e+02, 2.17090485e+02, 3.10448730e+02, 2.33535858e+02,
    3.06837921e+02, 2.49673157e+02, 3.04917969e+02, 1.80103806e+02,
    3.01273376e+02, 1.96707153e+02, 2.97562958e+02, 2.13271820e+02,
    2.93947693e+02, 2.29465195e+02, 2.90465790e+02, 2.45521011e+02,
    2.88318970e+02, 1.76605621e+02, 2.84790985e+02, 1.93191116e+02,
    2.81256012e+02, 2.09437805e+02, 2.77801483e+02, 2.25556015e+02,
    2.74465546e+02, 2.41406128e+02 ]
