%YAML:1.0
---
points: [ 1.28658594e+03, 5.27508118e+02, 1.27357727e+03, 5.78734253e+02,
    1.26055920e+03, 6.29260132e+02, 1.24795349e+03, 6.79556152e+02,
    1.23553589e+03, 7.28746948e+02, 1.23327979e+03, 5.15372986e+02,
    1.22057849e+03, 5.66287476e+02, 1.20800110e+03, 6.16320496e+02,
    1.19580103e+03, 6.65777710e+02, 1.18378967e+03, 7.14620178e+02,
    1.18096667e+03, 5.03531281e+02, 1.16862793e+03, 5.54112732e+02,
    1.15662537e+03, 6.03567261e+02, 1.14472766e+03, 6.52666077e+02,
    1.13328223e+03, 7.01134705e+02, 1.12989734e+03, 4.92152435e+02,
    1.11808167e+03, 5.41801758e+02, 1.10647351e+03, 5.91297180e+02,
    1.09525012e+03, 6.39811646e+02, 1.08397375e+03, 6.87632568e+02,
    1.08009680e+03, 4.80917877e+02, 1.06870435e+03, 5.30017944e+02,
    1.05749011e+03, 5.78848267e+02, 1.04636401e+03, 6.27287048e+02,
    1.03557129e+03, 6.74617004e+02, 1.03122925e+03, 4.70053101e+02,
    1.02036469e+03, 5.18710693e+02, 1.00948511e+03, 5.66859741e+02,
    9.98708252e+02, 6.14727905e+02, 9.88461548e+02, 6.61776428e+02,
    9.83304260e+02, 4.59192413e+02, 9.72754395e+02, 5.07595734e+02,
    9.62473633e+02, 5.55357666e+02, 9.52244019e+02, 6.02716614e+02,
    9.42220154e+02, 6.49451294e+02 ]
