%YAML:1.0
---
points: [ 4.09212646e+02, 2.00128677e+02, 4.00984680e+02, 2.07952087e+02,
    3.92645752e+02, 2.16202774e+02, 3.84291595e+02, 2.24155457e+02,
    3.75953552e+02, 2.32234665e+02, 4.00312592e+02, 1.92211395e+02,
    3.92080322e+02, 2.00257507e+02, 3.83723267e+02, 2.08246033e+02,
    3.75453278e+02, 2.16333023e+02, 3.67235321e+02, 2.24269791e+02,
    3.91408569e+02, 1.84687607e+02, 3.83218353e+02, 1.92622223e+02,
    3.75006897e+02, 2.00443939e+02, 3.66815460e+02, 2.08502136e+02,
    3.58688049e+02, 2.16395203e+02, 3.82687378e+02, 1.77231079e+02,
    3.74543335e+02, 1.85066544e+02, 3.66422974e+02, 1.92861771e+02,
    3.58318665e+02, 2.00817429e+02, 3.50224091e+02, 2.08648758e+02,
    3.74101013e+02, 1.69836517e+02, 3.66086456e+02, 1.77659698e+02,
    3.58052917e+02, 1.85357788e+02, 3.49986786e+02, 1.93205444e+02,
    3.42003448e+02, 2.01096893e+02, 3.65698151e+02, 1.62558121e+02,
    3.57764069e+02, 1.70353317e+02, 3.49780029e+02, 1.78158524e+02,
    3.41803192e+02, 1.85837677e+02, 3.33873138e+02, 1.93587921e+02,
    3.57423889e+02, 1.55550232e+02, 3.49600250e+02, 1.63268570e+02,
    3.41698700e+02, 1.70964310e+02, 3.33820099e+02, 1.78621674e+02,
    3.26022644e+02, 1.86292297e+02 ]
