%YAML:1.0
---
points: [ 4.07868317e+02, 1.88312988e+02, 3.95538513e+02, 1.92194321e+02,
    3.83562439e+02, 1.96112381e+02, 3.71900665e+02, 1.99761581e+02,
    3.60572296e+02, 2.03416397e+02, 4.04025909e+02, 1.76779373e+02,
    3.91725433e+02, 1.81028214e+02, 3.79816986e+02, 1.84884369e+02,
    3.68243317e+02, 1.88801147e+02, 3.57026672e+02, 1.92464218e+02,
    4.00143402e+02, 1.65577820e+02, 3.87881775e+02, 1.69707092e+02,
    3.76145660e+02, 1.73895355e+02, 3.64655396e+02, 1.78052170e+02,
    3.53600647e+02, 1.81908829e+02, 3.96165558e+02, 1.54368805e+02,
    3.84181732e+02, 1.58736526e+02, 3.72388519e+02, 1.63065445e+02,
    3.61135223e+02, 1.67179276e+02, 3.50101135e+02, 1.71289001e+02,
    3.92333221e+02, 1.43208664e+02, 3.80353149e+02, 1.47767593e+02,
    3.68811310e+02, 1.52224411e+02, 3.57668182e+02, 1.56451141e+02,
    3.46759125e+02, 1.60685272e+02, 3.88491821e+02, 1.32298538e+02,
    3.76852478e+02, 1.37026276e+02, 3.65337158e+02, 1.41535324e+02,
    3.54194336e+02, 1.45908447e+02, 3.43439178e+02, 1.50229263e+02,
    3.84840210e+02, 1.21305992e+02, 3.73197968e+02, 1.26121330e+02,
    3.61858307e+02, 1.30913239e+02, 3.50880371e+02, 1.35362717e+02,
    3.40181580e+02, 1.39927231e+02 ]
