%YAML:1.0
---
points: [ 1.29352759e+03, 3.71894318e+02, 1.27871851e+03, 4.27008820e+02,
    1.26452490e+03, 4.79948853e+02, 1.25077087e+03, 5.31636475e+02,
    1.23761133e+03, 5.81536987e+02, 1.23705737e+03, 3.61110077e+02,
    1.22324658e+03, 4.15769012e+02, 1.21001990e+03, 4.68585480e+02,
    1.19704504e+03, 5.19687073e+02, 1.18473376e+03, 5.69654846e+02,
    1.18151831e+03, 3.50379761e+02, 1.16875940e+03, 4.04803162e+02,
    1.15639612e+03, 4.57503357e+02, 1.14442102e+03, 5.08386505e+02,
    1.13301135e+03, 5.57853027e+02, 1.12724658e+03, 3.39769470e+02,
    1.11541284e+03, 3.93753784e+02, 1.10366541e+03, 4.46205475e+02,
    1.09253076e+03, 4.97190247e+02, 1.08193323e+03, 5.46141602e+02,
    1.07359851e+03, 3.29452820e+02, 1.06258667e+03, 3.83066071e+02,
    1.05184692e+03, 4.35258026e+02, 1.04151392e+03, 4.86047577e+02,
    1.03175439e+03, 5.34768738e+02, 1.02082336e+03, 3.19086700e+02,
    1.01082971e+03, 3.72531036e+02, 1.00094189e+03, 4.24429291e+02,
    9.91381348e+02, 4.74967743e+02, 9.82226196e+02, 5.23657837e+02,
    9.68988953e+02, 3.08838135e+02, 9.59591309e+02, 3.62109589e+02,
    9.50493713e+02, 4.13643677e+02, 9.42015442e+02, 4.64186523e+02,
    9.33456726e+02, 5.12614929e+02 ]
