%YAML:1.0
---
points: [ 1.36910291e+03, 3.73641571e+02, 1.35472705e+03, 4.21483093e+02,
    1.34058240e+03, 4.69059845e+02, 1.32665259e+03, 5.16316406e+02,
    1.31286707e+03, 5.63128540e+02, 1.31868689e+03, 3.64633392e+02,
    1.30512268e+03, 4.11380707e+02, 1.29125977e+03, 4.58210602e+02,
    1.27783813e+03, 5.04393188e+02, 1.26451453e+03, 5.50460938e+02,
    1.27066504e+03, 3.55628693e+02, 1.25728479e+03, 4.01833649e+02,
    1.24382849e+03, 4.47511383e+02, 1.23088586e+03, 4.93021667e+02,
    1.21776221e+03, 5.38347900e+02, 1.22434924e+03, 3.47182343e+02,
    1.21138635e+03, 3.92290131e+02, 1.19807642e+03, 4.37420837e+02,
    1.18567627e+03, 4.82102631e+02, 1.17297876e+03, 5.26552368e+02,
    1.17969189e+03, 3.38759766e+02, 1.16690051e+03, 3.83193970e+02,
    1.15411768e+03, 4.27416138e+02, 1.14170178e+03, 4.71339874e+02,
    1.12979333e+03, 5.15198547e+02, 1.13668152e+03, 3.30715210e+02,
    1.12441040e+03, 3.74549103e+02, 1.11211572e+03, 4.18098511e+02,
    1.10005664e+03, 4.61177399e+02, 1.08839221e+03, 5.04195862e+02,
    1.09520520e+03, 3.23167908e+02, 1.08315039e+03, 3.65952148e+02,
    1.07128076e+03, 4.08691772e+02, 1.05962854e+03, 4.51194427e+02,
    1.04820068e+03, 4.93541809e+02 ]
