%YAML:1.0
---
points: [ 3.97072845e+02, 1.45820343e+02, 3.91847839e+02, 1.64469879e+02,
    3.86779633e+02, 1.82659164e+02, 3.81888977e+02, 2.00287216e+02,
    3.77146271e+02, 2.17449905e+02, 3.77473999e+02, 1.42118408e+02,
    3.72670654e+02, 1.60956665e+02, 3.67938599e+02, 1.78977661e+02,
    3.63256592e+02, 1.96408234e+02, 3.58760162e+02, 2.13517380e+02,
    3.58426300e+02, 1.38775421e+02, 3.53809204e+02, 1.57402527e+02,
    3.49429504e+02, 1.75455170e+02, 3.44981415e+02, 1.92797195e+02,
    3.40882996e+02, 2.09711990e+02, 3.39558777e+02, 1.35431458e+02,
    3.35262238e+02, 1.53867630e+02, 3.31116028e+02, 1.71744492e+02,
    3.27078491e+02, 1.89165710e+02, 3.23161835e+02, 2.05894058e+02,
    3.21002960e+02, 1.32123718e+02, 3.16996429e+02, 1.50469513e+02,
    3.13155457e+02, 1.68288834e+02, 3.09344940e+02, 1.85595245e+02,
    3.05822784e+02, 2.02183472e+02, 3.02794250e+02, 1.28835388e+02,
    2.99114807e+02, 1.47107559e+02, 2.95523529e+02, 1.64814651e+02,
    2.92108978e+02, 1.82036026e+02, 2.88760712e+02, 1.98588058e+02,
    2.84834442e+02, 1.25642876e+02, 2.81447266e+02, 1.43765076e+02,
    2.78208862e+02, 1.61430313e+02, 2.75057373e+02, 1.78489578e+02,
    2.71991089e+02, 1.94981079e+02 ]
