%YAML:1.0
---
points: [ 1.63355057e+02, 9.51672592e+01, 1.78755264e+02, 1.07517303e+02,
    1.93379578e+02, 1.19157600e+02, 2.07345947e+02, 1.30343414e+02,
    2.20507553e+02, 1.40742126e+02, 1.51790588e+02, 1.10397629e+02,
    1.67561935e+02, 1.22348251e+02, 1.82396210e+02, 1.33552048e+02,
    1.96474518e+02, 1.44168198e+02, 2.09832138e+02, 1.54256104e+02,
    1.40562820e+02, 1.25400002e+02, 1.56419022e+02, 1.36919128e+02,
    1.71590302e+02, 1.47700790e+02, 1.85802094e+02, 1.57894226e+02,
    1.99369888e+02, 1.67517303e+02, 1.29279739e+02, 1.40242676e+02,
    1.45424973e+02, 1.51132584e+02, 1.60640686e+02, 1.61611664e+02,
    1.75247330e+02, 1.71353638e+02, 1.88866669e+02, 1.80708496e+02,
    1.18302589e+02, 1.54883163e+02, 1.34529663e+02, 1.65353424e+02,
    1.49986221e+02, 1.75333206e+02, 1.64620819e+02, 1.84823746e+02,
    1.78549377e+02, 1.93612335e+02, 1.07355652e+02, 1.69372299e+02,
    1.23716537e+02, 1.79384857e+02, 1.39372421e+02, 1.88929703e+02,
    1.54278381e+02, 1.97899628e+02, 1.68386414e+02, 2.06462601e+02,
    9.65250931e+01, 1.83623627e+02, 1.13095482e+02, 1.93270279e+02,
    1.28879776e+02, 2.02383774e+02, 1.43897446e+02, 2.10992188e+02,
    1.58226837e+02, 2.19170227e+02 ]
