%YAML:1.0
---
points: [ 3.96991730e+02, 2.94621338e+02, 3.65121460e+02, 2.96190765e+02,
    3.35613434e+02, 2.97465759e+02, 3.07677246e+02, 2.98652679e+02,
    2.82036255e+02, 2.99763489e+02, 3.91665680e+02, 2.63865173e+02,
    3.59948273e+02, 2.66385376e+02, 3.30460205e+02, 2.68747192e+02,
    3.02959961e+02, 2.70759583e+02, 2.77426819e+02, 2.72943298e+02,
    3.86399017e+02, 2.33175110e+02, 3.54830505e+02, 2.36771469e+02,
    3.25530151e+02, 2.40092300e+02, 2.98269287e+02, 2.43196594e+02,
    2.73031738e+02, 2.46021149e+02, 3.81111786e+02, 2.02199463e+02,
    3.49748474e+02, 2.07066895e+02, 3.20565338e+02, 2.11642426e+02,
    2.93703857e+02, 2.15656998e+02, 2.68532227e+02, 2.19474609e+02,
    3.75856445e+02, 1.71621521e+02, 3.44804077e+02, 1.77358337e+02,
    3.15727692e+02, 1.82951370e+02, 2.88851013e+02, 1.88114685e+02,
    2.64155121e+02, 1.92828415e+02, 3.70876068e+02, 1.40785583e+02,
    3.40062958e+02, 1.47807816e+02, 3.11204651e+02, 1.54504303e+02,
    2.84443024e+02, 1.60579712e+02, 2.59795929e+02, 1.66239532e+02,
    3.65911133e+02, 1.09946709e+02, 3.35348328e+02, 1.18075760e+02,
    3.06753235e+02, 1.25798027e+02, 2.80247009e+02, 1.32925644e+02,
    2.55436874e+02, 1.39498230e+02 ]
