%YAML:1.0
---
points: [ 6.06758789e+02, 2.14646423e+02, 6.54604492e+02, 2.51796295e+02,
    6.99659790e+02, 2.86790100e+02, 7.42635681e+02, 3.20217865e+02,
    7.83204956e+02, 3.51485931e+02, 5.72868896e+02, 2.59252411e+02,
    6.21400574e+02, 2.95155884e+02, 6.67270874e+02, 3.28733795e+02,
    7.10622498e+02, 3.60531921e+02, 7.51800842e+02, 3.90684387e+02,
    5.39559021e+02, 3.03210693e+02, 5.88648010e+02, 3.37673767e+02,
    6.35169067e+02, 3.70299103e+02, 6.79242615e+02, 4.00720947e+02,
    7.20859985e+02, 4.29602600e+02, 5.06545441e+02, 3.46556458e+02,
    5.56155273e+02, 3.79393219e+02, 6.03275452e+02, 4.10732574e+02,
    6.47887085e+02, 4.40225067e+02, 6.90155945e+02, 4.67789581e+02,
    4.73761993e+02, 3.89454529e+02, 5.23991943e+02, 4.20850464e+02,
    5.71569275e+02, 4.50914612e+02, 6.16810364e+02, 4.79198730e+02,
    6.59617554e+02, 5.05731110e+02, 4.41583740e+02, 4.31673279e+02,
    4.92272247e+02, 4.61864594e+02, 5.40347107e+02, 4.90533936e+02,
    5.86225037e+02, 5.17689392e+02, 6.29493774e+02, 5.43252930e+02,
    4.09527893e+02, 4.73700623e+02, 4.60766022e+02, 5.02526428e+02,
    5.09367310e+02, 5.29873230e+02, 5.55702637e+02, 5.55805115e+02,
    5.99505066e+02, 5.80438965e+02 ]
