%YAML:1.0
---
points: [ 1.31326172e+03, 2.56233215e+02, 1.33669189e+03, 2.99693604e+02,
    1.36084106e+03, 3.43562378e+02, 1.38489905e+03, 3.87849823e+02,
    1.40952527e+03, 4.32348969e+02, 1.26642297e+03, 2.82253876e+02,
    1.28963757e+03, 3.25266357e+02, 1.31319714e+03, 3.68758453e+02,
    1.33688599e+03, 4.12487274e+02, 1.36081250e+03, 4.56689423e+02,
    1.22081982e+03, 3.07379700e+02, 1.24355176e+03, 3.50182800e+02,
    1.26675928e+03, 3.93323944e+02, 1.28987244e+03, 4.36651672e+02,
    1.31353589e+03, 4.80311707e+02, 1.17619592e+03, 3.32196747e+02,
    1.19857300e+03, 3.74377899e+02, 1.22123071e+03, 4.17153564e+02,
    1.24416541e+03, 4.60149078e+02, 1.26721741e+03, 5.03495239e+02,
    1.13253442e+03, 3.56279205e+02, 1.15450476e+03, 3.98239960e+02,
    1.17674756e+03, 4.40479279e+02, 1.19923462e+03, 4.83049286e+02,
    1.22197375e+03, 5.26047241e+02, 1.08981177e+03, 3.79737976e+02,
    1.11151331e+03, 4.21372467e+02, 1.13344226e+03, 4.63329773e+02,
    1.15548145e+03, 5.05485046e+02, 1.17764185e+03, 5.48081604e+02,
    1.04803381e+03, 4.02757568e+02, 1.06926428e+03, 4.43953613e+02,
    1.09088074e+03, 4.85563965e+02, 1.11254150e+03, 5.27395264e+02,
    1.13451831e+03, 5.69537170e+02 ]
