%YAML:1.0
---
points: [ 2.79566620e+02, 2.67816620e+02, 2.54434723e+02, 2.77028046e+02,
    2.30973206e+02, 2.85640045e+02, 2.08747513e+02, 2.93252014e+02,
    1.88973969e+02, 3.01182220e+02, 2.66954285e+02, 2.38832016e+02,
    2.42356674e+02, 2.49051773e+02, 2.19496674e+02, 2.58671082e+02,
    1.98377701e+02, 2.67506744e+02, 1.78606537e+02, 2.75808929e+02,
    2.54541199e+02, 2.10242813e+02, 2.30497879e+02, 2.21558182e+02,
    2.08139221e+02, 2.31998489e+02, 1.87559097e+02, 2.41756485e+02,
    1.68270416e+02, 2.50866867e+02, 2.42242157e+02, 1.81846481e+02,
    2.18770248e+02, 1.94135773e+02, 1.96710403e+02, 2.05621887e+02,
    1.76833847e+02, 2.16139206e+02, 1.57966660e+02, 2.26002029e+02,
    2.30104004e+02, 1.53663712e+02, 2.07180649e+02, 1.67002533e+02,
    1.85417923e+02, 1.79310364e+02, 1.65731369e+02, 1.90786682e+02,
    1.47815720e+02, 2.01484650e+02, 2.18161545e+02, 1.25754303e+02,
    1.95823532e+02, 1.39999634e+02, 1.74734039e+02, 1.53290680e+02,
    1.55243668e+02, 1.65563965e+02, 1.37643570e+02, 1.76999939e+02,
    2.06203827e+02, 9.78521729e+01, 1.84289627e+02, 1.13081726e+02,
    1.63929871e+02, 1.27260986e+02, 1.45088928e+02, 1.40444794e+02,
    1.27689011e+02, 1.52764786e+02 ]
