%YAML:1.0
---
points: [ 1.19057556e+02, 1.48407364e+02, 1.34152588e+02, 1.58091461e+02,
    1.48626373e+02, 1.67370117e+02, 1.62662170e+02, 1.76329788e+02,
    1.76033279e+02, 1.84878723e+02, 1.09740936e+02, 1.62289093e+02,
    1.25249519e+02, 1.71796783e+02, 1.40038452e+02, 1.81027115e+02,
    1.54384415e+02, 1.89810837e+02, 1.68032303e+02, 1.98278107e+02,
    1.00326134e+02, 1.76589783e+02, 1.16137405e+02, 1.85903198e+02,
    1.31380295e+02, 1.94849365e+02, 1.45893906e+02, 2.03483398e+02,
    1.59939713e+02, 2.11796997e+02, 9.06947327e+01, 1.91194901e+02,
    1.06714378e+02, 2.00366257e+02, 1.22272102e+02, 2.09162048e+02,
    1.37239853e+02, 2.17594971e+02, 1.51475693e+02, 2.25734100e+02,
    8.07829590e+01, 2.06049393e+02, 9.72388763e+01, 2.15043121e+02,
    1.13038582e+02, 2.23748123e+02, 1.28274826e+02, 2.31967896e+02,
    1.42966064e+02, 2.39908691e+02, 7.08411942e+01, 2.21469101e+02,
    8.75181580e+01, 2.30273804e+02, 1.03630295e+02, 2.38631226e+02,
    1.19261177e+02, 2.46692856e+02, 1.34169815e+02, 2.54430527e+02,
    6.06928329e+01, 2.37128906e+02, 7.75864410e+01, 2.45741547e+02,
    9.40867233e+01, 2.54087311e+02, 1.09992363e+02, 2.61799957e+02,
    1.25283829e+02, 2.69277344e+02 ]
