%YAML:1.0
---
points: [ 1.28869922e+03, 5.38381775e+02, 1.29882971e+03, 5.76836609e+02,
    1.30957288e+03, 6.17149597e+02, 1.32056494e+03, 6.58265137e+02,
    1.33197729e+03, 7.00808350e+02, 1.24615515e+03, 5.47290894e+02,
    1.25567322e+03, 5.85701599e+02, 1.26542957e+03, 6.25443420e+02,
    1.27568665e+03, 6.66467163e+02, 1.28618835e+03, 7.08733887e+02,
    1.20447229e+03, 5.55742920e+02, 1.21316174e+03, 5.94246155e+02,
    1.22245972e+03, 6.33663025e+02, 1.23206567e+03, 6.74549622e+02,
    1.24174854e+03, 7.16721924e+02, 1.16351282e+03, 5.64507263e+02,
    1.17149036e+03, 6.02506775e+02, 1.17993140e+03, 6.41744995e+02,
    1.18867969e+03, 6.82462952e+02, 1.19763245e+03, 7.24348633e+02,
    1.12284827e+03, 5.72742676e+02, 1.13047668e+03, 6.10711182e+02,
    1.13829407e+03, 6.49687805e+02, 1.14631262e+03, 6.90232178e+02,
    1.15466907e+03, 7.32132019e+02, 1.08335559e+03, 5.81247498e+02,
    1.09041833e+03, 6.19002563e+02, 1.09727612e+03, 6.57958130e+02,
    1.10465210e+03, 6.97775513e+02, 1.11242407e+03, 7.39496826e+02,
    1.04424670e+03, 5.89438965e+02, 1.05034290e+03, 6.27044983e+02,
    1.05709851e+03, 6.65816772e+02, 1.06379895e+03, 7.05634705e+02,
    1.07058740e+03, 7.46784851e+02 ]
