%YAML:1.0
---
points: [ 4.84949921e+02, 3.70330170e+02, 5.30956177e+02, 3.99517365e+02,
    5.74891602e+02, 4.27461914e+02, 6.17515625e+02, 4.54324524e+02,
    6.58205750e+02, 4.80244751e+02, 4.56101807e+02, 4.11144928e+02,
    5.03234192e+02, 4.39629272e+02, 5.48334106e+02, 4.67272308e+02,
    5.91680115e+02, 4.93707306e+02, 6.33450623e+02, 5.19059265e+02,
    4.26572266e+02, 4.52847412e+02, 4.74865631e+02, 4.80813293e+02,
    5.21111267e+02, 5.07813141e+02, 5.65499817e+02, 5.33817932e+02,
    6.08092407e+02, 5.58654236e+02, 3.96483124e+02, 4.95636719e+02,
    4.45583099e+02, 5.23259949e+02, 4.93013977e+02, 5.49566101e+02,
    5.38518494e+02, 5.75040161e+02, 5.82012146e+02, 5.99431091e+02,
    3.65529388e+02, 5.39630615e+02, 4.15797607e+02, 5.66572632e+02,
    4.64208832e+02, 5.92486572e+02, 5.10716400e+02, 6.17302734e+02,
    5.55343445e+02, 6.41154724e+02, 3.33935089e+02, 5.84520569e+02,
    3.85376617e+02, 6.10869385e+02, 4.34742249e+02, 6.36237122e+02,
    4.82477783e+02, 6.60452332e+02, 5.28046936e+02, 6.83662170e+02,
    3.01679901e+02, 6.30687500e+02, 3.54237671e+02, 6.56494263e+02,
    4.04607574e+02, 6.81031677e+02, 4.53435150e+02, 7.04786194e+02,
    5.00056824e+02, 7.27385193e+02 ]
