%YAML:1.0
---
points: [ 6.64436096e+02, 3.45748260e+02, 7.00445007e+02, 3.79386047e+02,
    7.35247742e+02, 4.11626373e+02, 7.68988098e+02, 4.43097290e+02,
    8.01369080e+02, 4.73319702e+02, 6.31364563e+02, 3.79747833e+02,
    6.68187500e+02, 4.12906006e+02, 7.03612732e+02, 4.44895966e+02,
    7.37766479e+02, 4.75711243e+02, 7.70877747e+02, 5.05483185e+02,
    5.98135620e+02, 4.14073151e+02, 6.35637695e+02, 4.46823151e+02,
    6.71697693e+02, 4.78373566e+02, 7.06609741e+02, 5.08642517e+02,
    7.40203430e+02, 5.37937195e+02, 5.64565552e+02, 4.48489014e+02,
    6.02663147e+02, 4.80573059e+02, 6.39585205e+02, 5.11744904e+02,
    6.75136780e+02, 5.41756653e+02, 7.09315369e+02, 5.70491882e+02,
    5.30752808e+02, 4.83306732e+02, 5.69552185e+02, 5.14874573e+02,
    6.06990845e+02, 5.45527344e+02, 6.43292175e+02, 5.75017151e+02,
    6.78188416e+02, 6.03385071e+02, 4.96813019e+02, 5.18231812e+02,
    5.36285278e+02, 5.49358093e+02, 5.74324768e+02, 5.79359436e+02,
    6.11310120e+02, 6.08479309e+02, 6.46706055e+02, 6.36444702e+02,
    4.62525787e+02, 5.53437134e+02, 5.02627167e+02, 5.84001038e+02,
    5.41479248e+02, 6.13586182e+02, 5.78955872e+02, 6.42255676e+02,
    6.15091125e+02, 6.69750610e+02 ]
