%YAML:1.0
---
points: [ 1.22051428e+03, 3.51491089e+02, 1.24546326e+03, 3.79443207e+02,
    1.27111511e+03, 4.08095978e+02, 1.29713306e+03, 4.37113312e+02,
    1.32373328e+03, 4.66695740e+02, 1.19257910e+03, 3.78699524e+02,
    1.21669556e+03, 4.06417145e+02, 1.24159473e+03, 4.34766083e+02,
    1.26704395e+03, 4.63552307e+02, 1.29290698e+03, 4.92916901e+02,
    1.16565796e+03, 4.04856903e+02, 1.18925317e+03, 4.32390198e+02,
    1.21340796e+03, 4.60484650e+02, 1.23809131e+03, 4.89055511e+02,
    1.26325256e+03, 5.18103577e+02, 1.13970496e+03, 4.30319153e+02,
    1.16248682e+03, 4.57502960e+02, 1.18588086e+03, 4.85401764e+02,
    1.21011243e+03, 5.13575745e+02, 1.23456653e+03, 5.42433777e+02,
    1.11445129e+03, 4.54617279e+02, 1.13683167e+03, 4.81723694e+02,
    1.15947595e+03, 5.09434631e+02, 1.18281311e+03, 5.37384521e+02,
    1.20705396e+03, 5.65777588e+02, 1.09035059e+03, 4.78355438e+02,
    1.11231116e+03, 5.05106689e+02, 1.13439795e+03, 5.32454224e+02,
    1.15697375e+03, 5.60271973e+02, 1.18046436e+03, 5.88444214e+02,
    1.06685437e+03, 5.01256042e+02, 1.08811292e+03, 5.27750366e+02,
    1.10982239e+03, 5.54751953e+02, 1.13194763e+03, 5.82324524e+02,
    1.15463147e+03, 6.10309753e+02 ]
