%YAML:1.0
---
points: [ 1.78265900e+02, 1.39356979e+02, 1.90201080e+02, 1.50628586e+02,
    2.01721176e+02, 1.61506607e+02, 2.12869110e+02, 1.71974396e+02,
    2.23674286e+02, 1.82144592e+02, 1.67256134e+02, 1.51052444e+02,
    1.79470001e+02, 1.62153503e+02, 1.91141144e+02, 1.72879318e+02,
    2.02568466e+02, 1.83159912e+02, 2.13469879e+02, 1.93207291e+02,
    1.56200989e+02, 1.62770996e+02, 1.68622162e+02, 1.73713684e+02,
    1.80648239e+02, 1.84265366e+02, 1.92133575e+02, 1.94485779e+02,
    2.03284546e+02, 2.04364212e+02, 1.45019104e+02, 1.74590958e+02,
    1.57691162e+02, 1.85343918e+02, 1.69789658e+02, 1.95737366e+02,
    1.81635574e+02, 2.05809662e+02, 1.92912018e+02, 2.15496002e+02,
    1.33896973e+02, 1.86464325e+02, 1.46692154e+02, 1.97068939e+02,
    1.59086578e+02, 2.07305008e+02, 1.71009811e+02, 2.17244293e+02,
    1.82644531e+02, 2.26731644e+02, 1.22608429e+02, 1.98490768e+02,
    1.35593109e+02, 2.08852371e+02, 1.48240784e+02, 2.18984970e+02,
    1.60442062e+02, 2.28705383e+02, 1.72083084e+02, 2.38070602e+02,
    1.11273239e+02, 2.10470306e+02, 1.24527580e+02, 2.20768433e+02,
    1.37281403e+02, 2.30713654e+02, 1.49593674e+02, 2.40268417e+02,
    1.61648300e+02, 2.49470093e+02 ]
