%YAML:1.0
---
points: [ 2.19487640e+02, 1.97555618e+02, 2.21368561e+02, 2.25838196e+02,
    2.23074341e+02, 2.53954636e+02, 2.24797363e+02, 2.82238281e+02,
    2.26550369e+02, 3.10509186e+02, 1.91037338e+02, 1.99280655e+02,
    1.92802185e+02, 2.27593155e+02, 1.94556595e+02, 2.55964340e+02,
    1.96397156e+02, 2.84134094e+02, 1.98178345e+02, 3.12435913e+02,
    1.62215591e+02, 2.00947311e+02, 1.64164688e+02, 2.29356003e+02,
    1.65913803e+02, 2.57935822e+02, 1.67860809e+02, 2.86208282e+02,
    1.69608368e+02, 3.14481659e+02, 1.33218246e+02, 2.02561081e+02,
    1.35123474e+02, 2.31275238e+02, 1.36962082e+02, 2.59798035e+02,
    1.38987366e+02, 2.88141174e+02, 1.41095749e+02, 3.16276184e+02,
    1.04070663e+02, 2.04363663e+02, 1.06076797e+02, 2.32950180e+02,
    1.07807953e+02, 2.61778168e+02, 1.09956696e+02, 2.90134277e+02,
    1.12390305e+02, 3.18228882e+02, 7.53204727e+01, 2.05930435e+02,
    7.73816528e+01, 2.34776398e+02, 7.92966232e+01, 2.63404724e+02,
    8.14663467e+01, 2.91771942e+02, 8.41255493e+01, 3.19728760e+02,
    4.68940277e+01, 2.07817337e+02, 4.88981133e+01, 2.36282410e+02,
    5.11569099e+01, 2.64909424e+02, 5.36783524e+01, 2.93042236e+02,
    5.62784348e+01, 3.21033295e+02 ]
