%YAML:1.0
---
points: [ 1.08754150e+03, 4.87027679e+02, 1.08518347e+03, 5.35242065e+02,
    1.08259387e+03, 5.83764099e+02, 1.08025745e+03, 6.33199341e+02,
    1.07777136e+03, 6.82641418e+02, 1.03884863e+03, 4.85104340e+02,
    1.03620056e+03, 5.32830933e+02, 1.03339941e+03, 5.81200500e+02,
    1.03087390e+03, 6.30068665e+02, 1.02819568e+03, 6.79411377e+02,
    9.90956970e+02, 4.83063660e+02, 9.87795715e+02, 5.30418396e+02,
    9.85042786e+02, 5.78415955e+02, 9.82194763e+02, 6.27208130e+02,
    9.79448792e+02, 6.76095398e+02, 9.43697266e+02, 4.81344330e+02,
    9.40577454e+02, 5.28536621e+02, 9.37414917e+02, 5.75992920e+02,
    9.34257812e+02, 6.24264648e+02, 9.31384460e+02, 6.72767395e+02,
    8.96954407e+02, 4.79505157e+02, 8.93644348e+02, 5.26371460e+02,
    8.90379150e+02, 5.73630859e+02, 8.86937195e+02, 6.21600464e+02,
    8.83865540e+02, 6.69768311e+02, 8.50789734e+02, 4.77640869e+02,
    8.47526123e+02, 5.24294250e+02, 8.43916992e+02, 5.71284363e+02,
    8.40405945e+02, 6.18840454e+02, 8.37117676e+02, 6.66648499e+02,
    8.05353271e+02, 4.76053070e+02, 8.01671509e+02, 5.22397522e+02,
    7.98094666e+02, 5.69057678e+02, 7.94447266e+02, 6.16335999e+02,
    7.90670593e+02, 6.63747681e+02 ]
