%YAML:1.0
---
points: [ 2.31535629e+02, 1.33442337e+02, 2.32821915e+02, 1.58286758e+02,
    2.34097992e+02, 1.83819565e+02, 2.35354294e+02, 2.09339676e+02,
    2.36578461e+02, 2.35603683e+02, 2.05812683e+02, 1.34102936e+02,
    2.06841034e+02, 1.59144958e+02, 2.07962006e+02, 1.84739883e+02,
    2.09038513e+02, 2.10710602e+02, 2.10100739e+02, 2.36909393e+02,
    1.79502060e+02, 1.34552475e+02, 1.80430267e+02, 1.60059982e+02,
    1.81315826e+02, 1.85732666e+02, 1.82272018e+02, 2.11823395e+02,
    1.83092239e+02, 2.38317123e+02, 1.53076370e+02, 1.35256256e+02,
    1.53590088e+02, 1.60617340e+02, 1.54223801e+02, 1.86559708e+02,
    1.55035706e+02, 2.13045929e+02, 1.55701904e+02, 2.39716995e+02,
    1.26046295e+02, 1.35795181e+02, 1.26393753e+02, 1.61464645e+02,
    1.26747307e+02, 1.87664337e+02, 1.27211700e+02, 2.14033722e+02,
    1.27866028e+02, 2.41266266e+02, 9.89833679e+01, 1.36552078e+02,
    9.91469727e+01, 1.62495895e+02, 9.91938019e+01, 1.88652939e+02,
    9.93086166e+01, 2.15512894e+02, 9.97690048e+01, 2.42619156e+02,
    7.17943649e+01, 1.37464310e+02, 7.14765625e+01, 1.63208969e+02,
    7.15082321e+01, 1.89753708e+02, 7.13821564e+01, 2.16628784e+02,
    7.15257263e+01, 2.43818909e+02 ]
