%YAML:1.0
---
points: [ 6.97347290e+02, 6.41556396e+02, 6.67638123e+02, 6.43716187e+02,
    6.38009521e+02, 6.45630554e+02, 6.08093994e+02, 6.47822815e+02,
    5.78286560e+02, 6.49841125e+02, 6.96134338e+02, 6.12342957e+02,
    6.66248840e+02, 6.14264648e+02, 6.36852417e+02, 6.16315979e+02,
    6.07119080e+02, 6.18285889e+02, 5.77187744e+02, 6.20284058e+02,
    6.94744385e+02, 5.83110962e+02, 6.65040710e+02, 5.85115723e+02,
    6.35389404e+02, 5.86976074e+02, 6.05903320e+02, 5.88922791e+02,
    5.76225525e+02, 5.91085022e+02, 6.93390808e+02, 5.54185486e+02,
    6.64088623e+02, 5.55939026e+02, 6.34300293e+02, 5.57882019e+02,
    6.04762512e+02, 5.59834106e+02, 5.75230652e+02, 5.61739136e+02,
    6.92036682e+02, 5.25302917e+02, 6.62735657e+02, 5.27170837e+02,
    6.33303589e+02, 5.28896790e+02, 6.03602783e+02, 5.30727051e+02,
    5.74236450e+02, 5.32684387e+02, 6.90733948e+02, 4.96636993e+02,
    6.61355713e+02, 4.98397736e+02, 6.32151062e+02, 5.00186951e+02,
    6.02440796e+02, 5.02036041e+02, 5.73133972e+02, 5.03720032e+02,
    6.89396118e+02, 4.67776062e+02, 6.60098633e+02, 4.69743622e+02,
    6.30800659e+02, 4.71461395e+02, 6.01427490e+02, 4.73235718e+02,
    5.71853699e+02, 4.75163422e+02 ]
