%YAML:1.0
---
points: [ 3.23421997e+02, 1.85832306e+02, 3.22953278e+02, 2.02198135e+02,
    3.22261230e+02, 2.18730896e+02, 3.21838165e+02, 2.35572952e+02,
    3.21235657e+02, 2.52316376e+02, 3.06679657e+02, 1.85291550e+02,
    3.06012482e+02, 2.01515152e+02, 3.05377838e+02, 2.17995209e+02,
    3.04774475e+02, 2.34655823e+02, 3.04127777e+02, 2.51382706e+02,
    2.90167603e+02, 1.84867065e+02, 2.89499268e+02, 2.00840393e+02,
    2.88655579e+02, 2.17207993e+02, 2.88041656e+02, 2.33812592e+02,
    2.87360657e+02, 2.50313980e+02, 2.73887115e+02, 1.84376694e+02,
    2.73176941e+02, 2.00471329e+02, 2.72458618e+02, 2.16569656e+02,
    2.71655151e+02, 2.32979126e+02, 2.70864075e+02, 2.49508987e+02,
    2.57916931e+02, 1.83826370e+02, 2.57053131e+02, 1.99764496e+02,
    2.56161865e+02, 2.15952530e+02, 2.55400604e+02, 2.32158386e+02,
    2.54500809e+02, 2.48458206e+02, 2.42104675e+02, 1.83574631e+02,
    2.41170670e+02, 1.99281509e+02, 2.40354858e+02, 2.15242493e+02,
    2.39396362e+02, 2.31422821e+02, 2.38518005e+02, 2.47724701e+02,
    2.26454269e+02, 1.83004364e+02, 2.25533234e+02, 1.98824326e+02,
    2.24506378e+02, 2.14685806e+02, 2.23660141e+02, 2.30751526e+02,
    2.22618942e+02, 2.46856674e+02 ]
