%YAML:1.0
---
points: [ 3.40629791e+02, 1.37523529e+02, 3.36852142e+02, 1.60158936e+02,
    3.33137543e+02, 1.83473160e+02, 3.29295074e+02, 2.07254333e+02,
    3.25370911e+02, 2.31661774e+02, 3.17616943e+02, 1.31757782e+02,
    3.13669952e+02, 1.54558853e+02, 3.09552704e+02, 1.77972382e+02,
    3.05334534e+02, 2.01826874e+02, 3.01155273e+02, 2.26308533e+02,
    2.94339508e+02, 1.25980598e+02, 2.90093475e+02, 1.48863220e+02,
    2.85695129e+02, 1.72260498e+02, 2.81171326e+02, 1.96366486e+02,
    2.76542725e+02, 2.20879578e+02, 2.70689423e+02, 1.19980042e+02,
    2.66147003e+02, 1.42931793e+02, 2.61508850e+02, 1.66494308e+02,
    2.56617706e+02, 1.90709503e+02, 2.51701157e+02, 2.15435333e+02,
    2.46688690e+02, 1.13821419e+02, 2.41802261e+02, 1.36954666e+02,
    2.36863052e+02, 1.60511978e+02, 2.31739639e+02, 1.84834030e+02,
    2.26332550e+02, 2.09818619e+02, 2.22214005e+02, 1.07631996e+02,
    2.17034637e+02, 1.30874969e+02, 2.11700729e+02, 1.54697388e+02,
    2.06172791e+02, 1.79073746e+02, 2.00582535e+02, 2.04147614e+02,
    1.97303101e+02, 1.01246529e+02, 1.91775375e+02, 1.24575279e+02,
    1.86057999e+02, 1.48579987e+02, 1.80208252e+02, 1.73134262e+02,
    1.74128754e+02, 1.98327972e+02 ]
