%YAML:1.0
---
points: [ 1.25567334e+03, 4.02130920e+02, 1.21992188e+03, 4.76692749e+02,
    1.18505969e+03, 5.50238098e+02, 1.15055322e+03, 6.23174927e+02,
    1.11675525e+03, 6.95098083e+02, 1.18024292e+03, 3.72213501e+02,
    1.14569775e+03, 4.44946136e+02, 1.11192883e+03, 5.17083801e+02,
    1.07878467e+03, 5.88679138e+02, 1.04617297e+03, 6.59285034e+02,
    1.10844519e+03, 3.43466644e+02, 1.07473145e+03, 4.14676605e+02,
    1.04208984e+03, 4.85409424e+02, 1.01022382e+03, 5.55814148e+02,
    9.78580505e+02, 6.25019043e+02, 1.03960693e+03, 3.16110168e+02,
    1.00766290e+03, 3.86334656e+02, 9.75627563e+02, 4.55422089e+02,
    9.44695740e+02, 5.24472290e+02, 9.14323242e+02, 5.92446899e+02,
    9.73731812e+02, 2.89696838e+02, 9.42764526e+02, 3.58737427e+02,
    9.11931763e+02, 4.26639923e+02, 8.81904358e+02, 4.94445007e+02,
    8.52319580e+02, 5.61042419e+02, 9.10475037e+02, 2.64422363e+02,
    8.80628784e+02, 3.32266754e+02, 8.50990723e+02, 3.99313751e+02,
    8.21623901e+02, 4.65574219e+02, 7.92897034e+02, 5.31138428e+02,
    8.49628723e+02, 2.39804047e+02, 8.20602234e+02, 3.06694397e+02,
    7.92085388e+02, 3.72620331e+02, 7.63541626e+02, 4.37929230e+02,
    7.35585632e+02, 5.02225952e+02 ]
