%YAML:1.0
---
points: [ 3.97833923e+02, 1.56008896e+02, 3.85744476e+02, 1.81519836e+02,
    3.73801727e+02, 2.06682343e+02, 3.62127350e+02, 2.31738480e+02,
    3.50581757e+02, 2.56417358e+02, 3.71079285e+02, 1.46104385e+02,
    3.59353668e+02, 1.70948608e+02, 3.47798065e+02, 1.95746994e+02,
    3.36479706e+02, 2.20304703e+02, 3.25386993e+02, 2.44305008e+02,
    3.45555328e+02, 1.36605316e+02, 3.34183685e+02, 1.61062317e+02,
    3.22946777e+02, 1.85228012e+02, 3.12062439e+02, 2.09310013e+02,
    3.01305176e+02, 2.32936218e+02, 3.21102325e+02, 1.27600685e+02,
    3.10231873e+02, 1.51720245e+02, 2.99359894e+02, 1.75345993e+02,
    2.88767975e+02, 1.98850479e+02, 2.78520660e+02, 2.22090775e+02,
    2.97729034e+02, 1.19018089e+02, 2.87217621e+02, 1.42630325e+02,
    2.76736511e+02, 1.65876953e+02, 2.66607056e+02, 1.88913940e+02,
    2.56602570e+02, 2.11671555e+02, 2.75369141e+02, 1.10600555e+02,
    2.65197937e+02, 1.33831375e+02, 2.55164612e+02, 1.56710205e+02,
    2.45284851e+02, 1.79424713e+02, 2.35610474e+02, 2.01706955e+02,
    2.53839218e+02, 1.02593559e+02, 2.44039383e+02, 1.25439545e+02,
    2.34360153e+02, 1.47919556e+02, 2.24798340e+02, 1.70246277e+02,
    2.15363861e+02, 1.92063766e+02 ]
