%YAML:1.0
---
points: [ 5.54254517e+02, 4.28460754e+02, 5.82391968e+02, 4.39483582e+02,
    6.10492188e+02, 4.50625854e+02, 6.38413818e+02, 4.61650726e+02,
    6.66272583e+02, 4.72651428e+02, 5.40076599e+02, 4.52493256e+02,
    5.68391357e+02, 4.63515900e+02, 5.96924622e+02, 4.74683868e+02,
    6.25129211e+02, 4.85955109e+02, 6.53355652e+02, 4.97077515e+02,
    5.25318176e+02, 4.77059021e+02, 5.54187195e+02, 4.88222382e+02,
    5.82935730e+02, 4.99402527e+02, 6.11621826e+02, 5.10625763e+02,
    6.40114624e+02, 5.22025513e+02, 5.10416382e+02, 5.02173004e+02,
    5.39463440e+02, 5.13391418e+02, 5.68611206e+02, 5.24615051e+02,
    5.97683899e+02, 5.36218689e+02, 6.26581238e+02, 5.47467041e+02,
    4.94808533e+02, 5.27804688e+02, 5.24439148e+02, 5.39257019e+02,
    5.53832031e+02, 5.50404541e+02, 5.83406494e+02, 5.61801453e+02,
    6.12717407e+02, 5.73526428e+02, 4.79173248e+02, 5.54326660e+02,
    5.09135345e+02, 5.65881592e+02, 5.39020813e+02, 5.77290100e+02,
    5.68680603e+02, 5.88610107e+02, 5.98486206e+02, 6.00301880e+02,
    4.62814545e+02, 5.81503357e+02, 4.93223999e+02, 5.93082947e+02,
    5.23546570e+02, 6.04604004e+02, 5.53566406e+02, 6.16234436e+02,
    5.83682800e+02, 6.27716431e+02 ]
