%YAML:1.0
---
points: [ 3.10351959e+02, 1.32245148e+02, 3.05002075e+02, 1.55438782e+02,
    2.99760193e+02, 1.78134552e+02, 2.94669708e+02, 2.00555817e+02,
    2.89743408e+02, 2.22610138e+02, 2.88102661e+02, 1.28334396e+02,
    2.82876953e+02, 1.50933304e+02, 2.77941193e+02, 1.73343521e+02,
    2.73195282e+02, 1.95429825e+02, 2.68430542e+02, 2.17136688e+02,
    2.66594116e+02, 1.24488762e+02, 2.61602661e+02, 1.46768784e+02,
    2.56870667e+02, 1.68801743e+02, 2.52430344e+02, 1.90520691e+02,
    2.47936584e+02, 2.11837189e+02, 2.45850220e+02, 1.20737022e+02,
    2.41339828e+02, 1.42758759e+02, 2.36713760e+02, 1.64412064e+02,
    2.32449142e+02, 1.85761322e+02, 2.28118759e+02, 2.06781540e+02,
    2.25931763e+02, 1.17238968e+02, 2.21546127e+02, 1.38815781e+02,
    2.17225082e+02, 1.60174957e+02, 2.13099899e+02, 1.81205063e+02,
    2.08983368e+02, 2.01831680e+02, 2.06584702e+02, 1.13720993e+02,
    2.02448822e+02, 1.35034805e+02, 1.98359543e+02, 1.55964615e+02,
    1.94394928e+02, 1.76792969e+02, 1.90531158e+02, 1.97110550e+02,
    1.87781616e+02, 1.10386436e+02, 1.83897095e+02, 1.31357071e+02,
    1.79959778e+02, 1.52112198e+02, 1.76275604e+02, 1.72468689e+02,
    1.72492966e+02, 1.92517334e+02 ]
