%YAML:1.0
---
points: [ 1.59350632e+02, 1.68308945e+02, 1.58965744e+02, 1.84609024e+02,
    1.58302811e+02, 2.00942978e+02, 1.57839233e+02, 2.17305344e+02,
    1.57215820e+02, 2.33665131e+02, 1.42305023e+02, 1.67018631e+02,
    1.41790588e+02, 1.83681000e+02, 1.41194580e+02, 2.00173218e+02,
    1.40554581e+02, 2.16824295e+02, 1.40087021e+02, 2.33565689e+02,
    1.24684067e+02, 1.65644791e+02, 1.24091103e+02, 1.82489090e+02,
    1.23449341e+02, 1.99664642e+02, 1.22995743e+02, 2.16470673e+02,
    1.22195518e+02, 2.33413284e+02, 1.06246292e+02, 1.64292969e+02,
    1.05694351e+02, 1.81469879e+02, 1.05033615e+02, 1.98686584e+02,
    1.04339905e+02, 2.15913422e+02, 1.03786461e+02, 2.33177963e+02,
    8.73134079e+01, 1.62718430e+02, 8.66320801e+01, 1.80384262e+02,
    8.60034866e+01, 1.97865311e+02, 8.53078842e+01, 2.15568649e+02,
    8.47806015e+01, 2.32951782e+02, 6.78343430e+01, 1.61349762e+02,
    6.71110229e+01, 1.79070450e+02, 6.65406952e+01, 1.97105560e+02,
    6.58631592e+01, 2.14930389e+02, 6.52620087e+01, 2.32860916e+02,
    4.79071121e+01, 1.59822495e+02, 4.71528244e+01, 1.77950653e+02,
    4.65170670e+01, 1.96158035e+02, 4.57476234e+01, 2.14631409e+02,
    4.51564064e+01, 2.32655258e+02 ]
