%YAML:1.0
---
points: [ 1.02036371e+03, 3.29536285e+02, 1.00459961e+03, 3.97298279e+02,
    9.89548950e+02, 4.63742218e+02, 9.74448425e+02, 5.29521179e+02,
    9.59790161e+02, 5.94342407e+02, 9.56654663e+02, 3.17228394e+02,
    9.41589111e+02, 3.83472321e+02, 9.27147766e+02, 4.49281311e+02,
    9.13168884e+02, 5.13725464e+02, 8.99350586e+02, 5.77483704e+02,
    8.95713928e+02, 3.05100647e+02, 8.80690308e+02, 3.70413574e+02,
    8.66721863e+02, 4.34692291e+02, 8.53846252e+02, 4.98649780e+02,
    8.40450500e+02, 5.61387878e+02, 8.36519714e+02, 2.93272369e+02,
    8.23194031e+02, 3.57855286e+02, 8.09279358e+02, 4.21268280e+02,
    7.96613647e+02, 4.84100555e+02, 7.84226868e+02, 5.45826355e+02,
    7.79489258e+02, 2.82164001e+02, 7.66546387e+02, 3.45506134e+02,
    7.53715271e+02, 4.08154114e+02, 7.41357849e+02, 4.70155365e+02,
    7.29387146e+02, 5.30688904e+02, 7.24033447e+02, 2.71057220e+02,
    7.11892700e+02, 3.33702820e+02, 6.99697937e+02, 3.95470764e+02,
    6.87812256e+02, 4.56342285e+02, 6.76380981e+02, 5.16383972e+02,
    6.70213623e+02, 2.60496338e+02, 6.58790710e+02, 3.22343384e+02,
    6.47505432e+02, 3.82989014e+02, 6.36070801e+02, 4.43321564e+02,
    6.24779480e+02, 5.02262512e+02 ]
