%YAML:1.0
---
points: [ 5.64706238e+02, 3.74759888e+02, 5.79466248e+02, 4.01019623e+02,
    5.94344543e+02, 4.27360260e+02, 6.08850403e+02, 4.53408112e+02,
    6.23508057e+02, 4.79457611e+02, 5.36331909e+02, 3.85390656e+02,
    5.51390137e+02, 4.12000549e+02, 5.66357361e+02, 4.38537079e+02,
    5.81362122e+02, 4.65134521e+02, 5.95981567e+02, 4.91432617e+02,
    5.07245300e+02, 3.96396240e+02, 5.22403687e+02, 4.23276917e+02,
    5.37723938e+02, 4.50226288e+02, 5.52754211e+02, 4.77136139e+02,
    5.67838745e+02, 5.03712708e+02, 4.77120209e+02, 4.07551056e+02,
    4.92618744e+02, 4.34763489e+02, 5.08216766e+02, 4.62168579e+02,
    5.23520020e+02, 4.89408661e+02, 5.38834839e+02, 5.16433044e+02,
    4.46343964e+02, 4.19121368e+02, 4.62069855e+02, 4.46770721e+02,
    4.77888702e+02, 4.74324982e+02, 4.93434082e+02, 5.01742554e+02,
    5.09005096e+02, 5.29515381e+02, 4.14588348e+02, 4.31117035e+02,
    4.30624664e+02, 4.59157104e+02, 4.46582001e+02, 4.87163818e+02,
    4.62486176e+02, 5.14938660e+02, 4.78235107e+02, 5.42866821e+02,
    3.81984467e+02, 4.43449585e+02, 3.98207520e+02, 4.71715363e+02,
    4.14486511e+02, 5.00268372e+02, 4.30502899e+02, 5.28438782e+02,
    4.46577240e+02, 5.56681641e+02 ]
