%YAML:1.0
---
points: [ 1.72536911e+02, 2.31064102e+02, 1.69062119e+02, 2.40834320e+02,
    1.65455566e+02, 2.50944565e+02, 1.61733917e+02, 2.61200684e+02,
    1.57900208e+02, 2.71791870e+02, 1.62861984e+02, 2.26901062e+02,
    1.59194031e+02, 2.36738052e+02, 1.55509888e+02, 2.46903290e+02,
    1.51563248e+02, 2.57306030e+02, 1.47590118e+02, 2.68012482e+02,
    1.52901245e+02, 2.22573624e+02, 1.49119476e+02, 2.32449661e+02,
    1.45222549e+02, 2.42748413e+02, 1.41088715e+02, 2.53276138e+02,
    1.36950195e+02, 2.64051666e+02, 1.42755753e+02, 2.18119751e+02,
    1.38689941e+02, 2.28123169e+02, 1.34592651e+02, 2.38429153e+02,
    1.30293640e+02, 2.49083054e+02, 1.25904724e+02, 2.59887329e+02,
    1.32204224e+02, 2.13417831e+02, 1.27998405e+02, 2.23555527e+02,
    1.23707817e+02, 2.33948990e+02, 1.19274384e+02, 2.44681839e+02,
    1.14577263e+02, 2.55755035e+02, 1.21346924e+02, 2.08762222e+02,
    1.16938751e+02, 2.18993866e+02, 1.12382332e+02, 2.29462189e+02,
    1.07751144e+02, 2.40294388e+02, 1.03027580e+02, 2.51441376e+02,
    1.10201439e+02, 2.03852234e+02, 1.05584900e+02, 2.14188583e+02,
    1.00841423e+02, 2.24846252e+02, 9.60021133e+01, 2.35716614e+02,
    9.10347061e+01, 2.46927460e+02 ]
