%YAML:1.0
---
points: [ 9.44479309e+02, 6.19619141e+02, 9.41221436e+02, 6.46793274e+02,
    9.37770630e+02, 6.74883301e+02, 9.34255005e+02, 7.03294312e+02,
    9.30780273e+02, 7.32631470e+02, 9.15785278e+02, 6.16426208e+02,
    9.12139465e+02, 6.43516052e+02, 9.08335693e+02, 6.71284363e+02,
    9.04614319e+02, 6.99810120e+02, 9.00791199e+02, 7.29084900e+02,
    8.86965881e+02, 6.12874084e+02, 8.83180054e+02, 6.40027588e+02,
    8.79172485e+02, 6.67748596e+02, 8.74974487e+02, 6.96421692e+02,
    8.70670044e+02, 7.25443359e+02, 8.58461060e+02, 6.09419800e+02,
    8.53988586e+02, 6.36509705e+02, 8.49577026e+02, 6.64379333e+02,
    8.45130310e+02, 6.92765198e+02, 8.40552429e+02, 7.22095886e+02,
    8.29442017e+02, 6.06045166e+02, 8.24913147e+02, 6.33181396e+02,
    8.20276184e+02, 6.60676636e+02, 8.15483704e+02, 6.89167969e+02,
    8.10645752e+02, 7.18536865e+02, 8.00901672e+02, 6.02648132e+02,
    7.96050110e+02, 6.29651245e+02, 7.90872192e+02, 6.57435425e+02,
    7.85682251e+02, 6.85788879e+02, 7.80534851e+02, 7.15001892e+02,
    7.71867920e+02, 5.99223267e+02, 7.66628967e+02, 6.26272766e+02,
    7.61322693e+02, 6.54104553e+02, 7.55838562e+02, 6.82371033e+02,
    7.50234802e+02, 7.11567322e+02 ]
