%YAML:1.0
---
points: [ 1.00270380e+03, 6.75235718e+02, 9.95513306e+02, 7.38077637e+02,
    9.87894531e+02, 8.02219971e+02, 9.80356445e+02, 8.68447083e+02,
    9.72541321e+02, 9.35990479e+02, 9.40844910e+02, 6.67084045e+02,
    9.32874817e+02, 7.29528015e+02, 9.24614380e+02, 7.93615417e+02,
    9.16318726e+02, 8.59710571e+02, 9.07506287e+02, 9.27118713e+02,
    8.79499451e+02, 6.59360901e+02, 8.70463074e+02, 7.21557190e+02,
    8.61468994e+02, 7.85549072e+02, 8.52597168e+02, 8.51085510e+02,
    8.43164795e+02, 9.18308044e+02, 8.18205322e+02, 6.51385742e+02,
    8.08712769e+02, 7.13578064e+02, 7.98812073e+02, 7.77193176e+02,
    7.89006836e+02, 8.42758911e+02, 7.78922180e+02, 9.09483154e+02,
    7.57081848e+02, 6.43944946e+02, 7.46867004e+02, 7.05847412e+02,
    7.36310791e+02, 7.69387207e+02, 7.25590454e+02, 8.34454773e+02,
    7.14645874e+02, 9.01201294e+02, 6.96170471e+02, 6.36316284e+02,
    6.85396301e+02, 6.98057068e+02, 6.74135254e+02, 7.61373840e+02,
    6.62537415e+02, 8.26437317e+02, 6.50819153e+02, 8.92636902e+02,
    6.34896667e+02, 6.28738831e+02, 6.23457703e+02, 6.90630188e+02,
    6.11744141e+02, 7.53659119e+02, 5.99574585e+02, 8.18382690e+02,
    5.87099182e+02, 8.84512146e+02 ]
