%YAML:1.0
---
points: [ 3.02422272e+02, 2.49953949e+02, 3.00506927e+02, 2.71310730e+02,
    2.98571167e+02, 2.93262421e+02, 2.96679565e+02, 3.15704102e+02,
    2.94582306e+02, 3.38710205e+02, 2.81281921e+02, 2.47461929e+02,
    2.79160004e+02, 2.68601135e+02, 2.77002960e+02, 2.90499786e+02,
    2.74686829e+02, 3.12854828e+02, 2.72401794e+02, 3.35849792e+02,
    2.60316956e+02, 2.44944199e+02, 2.57989349e+02, 2.66019775e+02,
    2.55439377e+02, 2.87931763e+02, 2.53031738e+02, 3.10134766e+02,
    2.50385330e+02, 3.33056366e+02, 2.39477325e+02, 2.42503494e+02,
    2.36845154e+02, 2.63526245e+02, 2.34118561e+02, 2.85313965e+02,
    2.31311768e+02, 3.07439911e+02, 2.28568756e+02, 3.30183594e+02,
    2.18756531e+02, 2.40042084e+02, 2.15792480e+02, 2.61213440e+02,
    2.12785446e+02, 2.82702026e+02, 2.09807220e+02, 3.04877869e+02,
    2.06686874e+02, 3.27496399e+02, 1.97954056e+02, 2.37816544e+02,
    1.94812851e+02, 2.58702087e+02, 1.91644791e+02, 2.80287140e+02,
    1.88322388e+02, 3.02318176e+02, 1.85061356e+02, 3.24824982e+02,
    1.77117996e+02, 2.35333939e+02, 1.73855072e+02, 2.56423218e+02,
    1.70419891e+02, 2.77750732e+02, 1.66964233e+02, 2.99830750e+02,
    1.63359802e+02, 3.22197662e+02 ]
