%YAML:1.0
---
points: [ 3.00904358e+02, 2.66942535e+02, 2.80362488e+02, 2.81400513e+02,
    2.59577667e+02, 2.96081360e+02, 2.38449585e+02, 3.11154419e+02,
    2.17052002e+02, 3.26273224e+02, 2.86478058e+02, 2.45936584e+02,
    2.66037140e+02, 2.60178314e+02, 2.45291183e+02, 2.74632172e+02,
    2.24183716e+02, 2.89277527e+02, 2.02861328e+02, 3.04291626e+02,
    2.72310059e+02, 2.25353210e+02, 2.51894516e+02, 2.39323349e+02,
    2.31166061e+02, 2.53514893e+02, 2.10154739e+02, 2.68051300e+02,
    1.88785141e+02, 2.82739990e+02, 2.58356140e+02, 2.05084335e+02,
    2.37948257e+02, 2.18862961e+02, 2.17283524e+02, 2.32786591e+02,
    1.96247375e+02, 2.46997894e+02, 1.75016647e+02, 2.61455231e+02,
    2.44425476e+02, 1.84998260e+02, 2.24130707e+02, 1.98587784e+02,
    2.03482162e+02, 2.12362579e+02, 1.82520599e+02, 2.26310730e+02,
    1.61275696e+02, 2.40437500e+02, 2.30783752e+02, 1.65241409e+02,
    2.10533188e+02, 1.78650986e+02, 1.89877487e+02, 1.92120438e+02,
    1.68880356e+02, 2.05895889e+02, 1.47748016e+02, 2.19837769e+02,
    2.17192444e+02, 1.45541138e+02, 1.96911911e+02, 1.58794357e+02,
    1.76309097e+02, 1.72187653e+02, 1.55376785e+02, 1.85706131e+02,
    1.34231003e+02, 1.99351089e+02 ]
