%YAML:1.0
---
points: [ 9.79788574e+02, 7.25390015e+02, 9.18258667e+02, 7.67323669e+02,
    8.55628967e+02, 8.09976013e+02, 7.91946838e+02, 8.53494568e+02,
    7.27479187e+02, 8.97614563e+02, 9.38965942e+02, 6.63471924e+02,
    8.77303223e+02, 7.04783203e+02, 8.14868835e+02, 7.46528870e+02,
    7.51489441e+02, 7.89260071e+02, 6.87065857e+02, 8.32582458e+02,
    8.98604187e+02, 6.02563538e+02, 8.37010925e+02, 6.43068359e+02,
    7.74519226e+02, 6.84291565e+02, 7.11360718e+02, 7.26262512e+02,
    6.46967468e+02, 7.68773010e+02, 8.58734314e+02, 5.42536011e+02,
    7.97420166e+02, 5.82512756e+02, 7.34927185e+02, 6.22715698e+02,
    6.71632874e+02, 6.64140625e+02, 6.07714111e+02, 7.05871826e+02,
    8.19205383e+02, 4.83310120e+02, 7.58031311e+02, 5.22432373e+02,
    6.95605713e+02, 5.62216187e+02, 6.32516846e+02, 6.02668823e+02,
    5.68455566e+02, 6.43683655e+02, 7.80206055e+02, 4.24605225e+02,
    7.18927612e+02, 4.63340271e+02, 6.56851929e+02, 5.02373901e+02,
    5.93530823e+02, 5.42269653e+02, 5.29742004e+02, 5.82549744e+02,
    7.41270508e+02, 3.66379791e+02, 6.80186096e+02, 4.04555359e+02,
    6.18164673e+02, 4.43134430e+02, 5.55076660e+02, 4.82387054e+02,
    4.91341095e+02, 5.21941650e+02 ]
