%YAML:1.0
---
points: [ 8.12439026e+02, 5.72518250e+02, 8.06408447e+02, 6.08179382e+02,
    8.00079895e+02, 6.45247070e+02, 7.93380005e+02, 6.83406311e+02,
    7.86459717e+02, 7.23347168e+02, 7.72702148e+02, 5.67228821e+02,
    7.65756775e+02, 6.02700195e+02, 7.58722839e+02, 6.39816223e+02,
    7.51335571e+02, 6.78343262e+02, 7.43666382e+02, 7.18356995e+02,
    7.32847839e+02, 5.61818542e+02, 7.25200134e+02, 5.97546692e+02,
    7.17274963e+02, 6.34519653e+02, 7.09009338e+02, 6.73075256e+02,
    7.00649902e+02, 7.13196533e+02, 6.92375549e+02, 5.56522583e+02,
    6.84180054e+02, 5.92136902e+02, 6.75330566e+02, 6.29108826e+02,
    6.66243591e+02, 6.67817688e+02, 6.56949158e+02, 7.07934570e+02,
    6.51751343e+02, 5.50970032e+02, 6.42640198e+02, 5.86801147e+02,
    6.33099365e+02, 6.23548584e+02, 6.23226990e+02, 6.62195923e+02,
    6.13112427e+02, 7.02698730e+02, 6.10872559e+02, 5.45704651e+02,
    6.01131592e+02, 5.81610168e+02, 5.90575989e+02, 6.18635986e+02,
    5.79942566e+02, 6.57051453e+02, 5.68854492e+02, 6.97557068e+02,
    5.69496460e+02, 5.40357910e+02, 5.58740479e+02, 5.75999939e+02,
    5.47760559e+02, 6.13382812e+02, 5.36298706e+02, 6.51874573e+02,
    5.24233459e+02, 6.92258606e+02 ]
