%YAML:1.0
---
points: [ 1.70862045e+02, 1.77416779e+02, 1.64483810e+02, 1.85755081e+02,
    1.57882660e+02, 1.94391479e+02, 1.51278320e+02, 2.03061722e+02,
    1.44463150e+02, 2.12020966e+02, 1.63079437e+02, 1.70459839e+02,
    1.56520538e+02, 1.79012878e+02, 1.49770248e+02, 1.87625351e+02,
    1.42913696e+02, 1.96445404e+02, 1.35904221e+02, 2.05360321e+02,
    1.54999786e+02, 1.63319794e+02, 1.48269608e+02, 1.71901932e+02,
    1.41312225e+02, 1.80670959e+02, 1.34277847e+02, 1.89563873e+02,
    1.27057068e+02, 1.98647476e+02, 1.46617859e+02, 1.55837051e+02,
    1.39646225e+02, 1.64507690e+02, 1.32621506e+02, 1.73398895e+02,
    1.25262039e+02, 1.82399200e+02, 1.17879265e+02, 1.91550888e+02,
    1.37962051e+02, 1.48088013e+02, 1.30768784e+02, 1.56882889e+02,
    1.23574738e+02, 1.65901932e+02, 1.16120544e+02, 1.74975586e+02,
    1.08350868e+02, 1.84261978e+02, 1.28900574e+02, 1.40089783e+02,
    1.21534828e+02, 1.48995270e+02, 1.14083031e+02, 1.58021912e+02,
    1.06392113e+02, 1.67283127e+02, 9.85257111e+01, 1.76612961e+02,
    1.19598953e+02, 1.31794327e+02, 1.12068558e+02, 1.40664963e+02,
    1.04216751e+02, 1.49947266e+02, 9.63890457e+01, 1.59231827e+02,
    8.83107834e+01, 1.68725861e+02 ]
