%YAML:1.0
---
points: [ 1.35662415e+02, 9.31387711e+01, 1.64119354e+02, 1.04586441e+02,
    1.91902039e+02, 1.15721359e+02, 2.18687424e+02, 1.26441689e+02,
    2.44630112e+02, 1.36759598e+02, 1.24972176e+02, 1.19102547e+02,
    1.54142120e+02, 1.30167084e+02, 1.82508316e+02, 1.41117676e+02,
    2.09896378e+02, 1.51683029e+02, 2.36311478e+02, 1.61912277e+02,
    1.13928413e+02, 1.45817368e+02, 1.43731766e+02, 1.56737717e+02,
    1.72922821e+02, 1.67299500e+02, 2.00840637e+02, 1.77676743e+02,
    2.27801147e+02, 1.87585800e+02, 1.02504272e+02, 1.73724854e+02,
    1.33113052e+02, 1.84133209e+02, 1.62807693e+02, 1.94489670e+02,
    1.91487991e+02, 2.04422745e+02, 2.19004745e+02, 2.14065567e+02,
    9.07129517e+01, 2.02240051e+02, 1.21878693e+02, 2.12764618e+02,
    1.52416946e+02, 2.22370514e+02, 1.81631577e+02, 2.32128006e+02,
    2.09795349e+02, 2.41399216e+02, 7.84872437e+01, 2.31992447e+02,
    1.10530640e+02, 2.41819839e+02, 1.41399826e+02, 2.51691574e+02,
    1.71406876e+02, 2.60890930e+02, 2.00188477e+02, 2.69840820e+02,
    6.60563736e+01, 2.62690582e+02, 9.83571320e+01, 2.72615356e+02,
    1.30300888e+02, 2.81597412e+02, 1.60645462e+02, 2.90590881e+02,
    1.90349182e+02, 2.99275604e+02 ]
