%YAML:1.0
---
points: [ 1.80002975e+02, 1.61481689e+02, 1.71543991e+02, 1.68482635e+02,
    1.63122391e+02, 1.75572968e+02, 1.54886520e+02, 1.82517685e+02,
    1.46630585e+02, 1.89359467e+02, 1.71743469e+02, 1.53176804e+02,
    1.63170624e+02, 1.60416595e+02, 1.54758331e+02, 1.67593781e+02,
    1.46397324e+02, 1.74676117e+02, 1.38131744e+02, 1.81667526e+02,
    1.63243515e+02, 1.44660217e+02, 1.54650848e+02, 1.52071274e+02,
    1.46092056e+02, 1.59454239e+02, 1.37686539e+02, 1.66634201e+02,
    1.29339859e+02, 1.73767075e+02, 1.54540451e+02, 1.35785995e+02,
    1.45823914e+02, 1.43417572e+02, 1.37223969e+02, 1.51011581e+02,
    1.28755142e+02, 1.58270828e+02, 1.20342155e+02, 1.65625900e+02,
    1.45572769e+02, 1.26763542e+02, 1.36810043e+02, 1.34556946e+02,
    1.28022919e+02, 1.42302933e+02, 1.19521667e+02, 1.49844833e+02,
    1.11133629e+02, 1.57210632e+02, 1.36348694e+02, 1.17318977e+02,
    1.27581154e+02, 1.25330704e+02, 1.18750160e+02, 1.33240112e+02,
    1.10117981e+02, 1.41005783e+02, 1.01663460e+02, 1.48404999e+02,
    1.26872223e+02, 1.07722481e+02, 1.18044594e+02, 1.15847115e+02,
    1.09215492e+02, 1.23939156e+02, 1.00527611e+02, 1.31837296e+02,
    9.20684357e+01, 1.39671829e+02 ]
