%YAML:1.0
---
points: [ 4.77062561e+02, 2.06649796e+02, 5.63517273e+02, 2.41715744e+02,
    6.47557129e+02, 2.75986969e+02, 7.28716492e+02, 3.09016296e+02,
    8.07147278e+02, 3.40708099e+02, 4.42443054e+02, 2.83204987e+02,
    5.30818420e+02, 3.17355743e+02, 6.17194885e+02, 3.50785889e+02,
    6.99989075e+02, 3.83199158e+02, 7.80071777e+02, 4.14193878e+02,
    4.06508820e+02, 3.61932922e+02, 4.97268860e+02, 3.95305969e+02,
    5.85422241e+02, 4.27815399e+02, 6.70396606e+02, 4.59302887e+02,
    7.51908020e+02, 4.89505341e+02, 3.69443298e+02, 4.43701782e+02,
    4.61987732e+02, 4.76231964e+02, 5.52372498e+02, 5.07526611e+02,
    6.39304199e+02, 5.38318359e+02, 7.22974548e+02, 5.67433655e+02,
    3.30596954e+02, 5.28305359e+02, 4.25589142e+02, 5.59707153e+02,
    5.17713013e+02, 5.90189514e+02, 6.06983276e+02, 6.19541260e+02,
    6.92708191e+02, 6.47959534e+02, 2.91181427e+02, 6.15914978e+02,
    3.88130737e+02, 6.46445618e+02, 4.82369629e+02, 6.75757690e+02,
    5.73339905e+02, 7.04131409e+02, 6.61312012e+02, 7.31363037e+02,
    2.50176025e+02, 7.06859070e+02, 3.48850952e+02, 7.36352539e+02,
    4.45428253e+02, 7.64766357e+02, 5.38429504e+02, 7.91887451e+02,
    6.28395386e+02, 8.18040100e+02 ]
