%YAML:1.0
---
points: [ 9.43207397e+02, 4.74577820e+02, 9.31416077e+02, 5.03939911e+02,
    9.19504761e+02, 5.33821716e+02, 9.07406372e+02, 5.64455627e+02,
    8.95060608e+02, 5.95449646e+02, 9.13020020e+02, 4.60742615e+02,
    9.00942993e+02, 4.90129425e+02, 8.88592163e+02, 5.20255920e+02,
    8.76209290e+02, 5.50746033e+02, 8.63364197e+02, 5.81889282e+02,
    8.82450012e+02, 4.46718536e+02, 8.70145569e+02, 4.76286072e+02,
    8.57485596e+02, 5.06279327e+02, 8.44628235e+02, 5.36901062e+02,
    8.31474487e+02, 5.68182312e+02, 8.51505310e+02, 4.32491364e+02,
    8.38806274e+02, 4.61986450e+02, 8.25818420e+02, 4.92147797e+02,
    8.12609863e+02, 5.22840149e+02, 7.99179138e+02, 5.54215088e+02,
    8.20236938e+02, 4.18051910e+02, 8.07194275e+02, 4.47657959e+02,
    7.93875916e+02, 4.77679596e+02, 7.80336975e+02, 5.08519196e+02,
    7.66389282e+02, 5.40056824e+02, 7.88454041e+02, 4.03558167e+02,
    7.75082336e+02, 4.33216766e+02, 7.61405884e+02, 4.63459503e+02,
    7.47440552e+02, 4.94283844e+02, 7.33218079e+02, 5.25741333e+02,
    7.56257141e+02, 3.88686066e+02, 7.42420654e+02, 4.18428833e+02,
    7.28468872e+02, 4.48731354e+02, 7.14120972e+02, 4.79628204e+02,
    6.99484497e+02, 5.11069275e+02 ]
