%YAML:1.0
---
points: [ 3.73622559e+02, 1.20030983e+02, 3.67951416e+02, 1.43849869e+02,
    3.62061066e+02, 1.67820847e+02, 3.56335602e+02, 1.91633759e+02,
    3.50639160e+02, 2.15653595e+02, 3.48839722e+02, 1.16243202e+02,
    3.43157593e+02, 1.39559341e+02, 3.37440460e+02, 1.63052917e+02,
    3.31657501e+02, 1.86553284e+02, 3.26049347e+02, 2.10071198e+02,
    3.24976288e+02, 1.12398270e+02, 3.19295166e+02, 1.35409683e+02,
    3.13623383e+02, 1.58530884e+02, 3.07996796e+02, 1.81711777e+02,
    3.02469238e+02, 2.04678131e+02, 3.01740204e+02, 1.08714622e+02,
    2.96156067e+02, 1.31368851e+02, 2.90567169e+02, 1.54083374e+02,
    2.85153290e+02, 1.76879730e+02, 2.79692657e+02, 1.99525467e+02,
    2.79337616e+02, 1.04995369e+02, 2.73889954e+02, 1.27434494e+02,
    2.68320343e+02, 1.49689285e+02, 2.62964722e+02, 1.72114838e+02,
    2.57702576e+02, 1.94535660e+02, 2.57729614e+02, 1.01587509e+02,
    2.52424835e+02, 1.23597466e+02, 2.46959732e+02, 1.45615067e+02,
    2.41635971e+02, 1.67571381e+02, 2.36463715e+02, 1.89640015e+02,
    2.36718018e+02, 9.81355972e+01, 2.31325775e+02, 1.19717308e+02,
    2.26172165e+02, 1.41632584e+02, 2.20966309e+02, 1.63167664e+02,
    2.15736450e+02, 1.84814697e+02 ]
