%YAML:1.0
---
points: [ 2.03686752e+02, 1.74230682e+02, 1.94724930e+02, 1.80097824e+02,
    1.85870895e+02, 1.86018661e+02, 1.77299606e+02, 1.91644974e+02,
    1.68938324e+02, 1.97176117e+02, 1.95855453e+02, 1.64540085e+02,
    1.86831436e+02, 1.70749222e+02, 1.78030212e+02, 1.76724365e+02,
    1.69492905e+02, 1.82539581e+02, 1.61132584e+02, 1.88247284e+02,
    1.87858490e+02, 1.54699097e+02, 1.78775925e+02, 1.61045837e+02,
    1.69967728e+02, 1.67243988e+02, 1.61422195e+02, 1.73206009e+02,
    1.53046143e+02, 1.79062195e+02, 1.79591965e+02, 1.44383133e+02,
    1.70540085e+02, 1.51094849e+02, 1.61700348e+02, 1.57458115e+02,
    1.53175064e+02, 1.63637558e+02, 1.44836914e+02, 1.69723663e+02,
    1.71150986e+02, 1.34098709e+02, 1.62104431e+02, 1.40864319e+02,
    1.53277496e+02, 1.47629669e+02, 1.44731415e+02, 1.54037247e+02,
    1.36559570e+02, 1.60146896e+02, 1.62552048e+02, 1.23365486e+02,
    1.53633499e+02, 1.30411072e+02, 1.44718430e+02, 1.37286026e+02,
    1.36222244e+02, 1.43973099e+02, 1.28104660e+02, 1.50286026e+02,
    1.53793640e+02, 1.12451576e+02, 1.44797318e+02, 1.19725662e+02,
    1.36097107e+02, 1.26812599e+02, 1.27647385e+02, 1.33632706e+02,
    1.19478729e+02, 1.40303635e+02 ]
