%YAML:1.0
---
points: [ 1.00634955e+03, 3.95821289e+02, 1.00078058e+03, 4.42653076e+02,
    9.95512390e+02, 4.88487671e+02, 9.90287415e+02, 5.33190979e+02,
    9.85265869e+02, 5.76506165e+02, 9.59225037e+02, 3.91906799e+02,
    9.54307068e+02, 4.39192993e+02, 9.49431152e+02, 4.85399414e+02,
    9.44726379e+02, 5.30215210e+02, 9.40203613e+02, 5.74100464e+02,
    9.11499634e+02, 3.87614594e+02, 9.07217773e+02, 4.35414581e+02,
    9.02816406e+02, 4.82050507e+02, 8.98739563e+02, 5.27315125e+02,
    8.94755005e+02, 5.71391907e+02, 8.62956970e+02, 3.83403473e+02,
    8.59254578e+02, 4.31598572e+02, 8.55499939e+02, 4.78757050e+02,
    8.52096924e+02, 5.24212219e+02, 8.48501465e+02, 5.68782654e+02,
    8.13532593e+02, 3.79051575e+02, 8.10571228e+02, 4.27704102e+02,
    8.07424377e+02, 4.75453125e+02, 8.04546082e+02, 5.21493774e+02,
    8.01741577e+02, 5.65947388e+02, 7.63522339e+02, 3.74491608e+02,
    7.61094360e+02, 4.23507599e+02, 7.58613098e+02, 4.71485199e+02,
    7.56292114e+02, 5.18091858e+02, 7.54000732e+02, 5.63107544e+02,
    7.12320129e+02, 3.69729095e+02, 7.10605652e+02, 4.19239716e+02,
    7.08904785e+02, 4.67544647e+02, 7.07191711e+02, 5.14385864e+02,
    7.05527344e+02, 5.60186279e+02 ]
