%YAML:1.0
---
points: [ 1.20045752e+03, 2.96019928e+02, 1.18246667e+03, 3.65786346e+02,
    1.16469666e+03, 4.35688751e+02, 1.14709863e+03, 5.05611664e+02,
    1.12944958e+03, 5.75568237e+02, 1.12952710e+03, 2.83716003e+02,
    1.11199707e+03, 3.52318268e+02, 1.09441187e+03, 4.21213867e+02,
    1.07711841e+03, 4.89767181e+02, 1.05972217e+03, 5.58599060e+02,
    1.06117920e+03, 2.71675171e+02, 1.04387646e+03, 3.39332703e+02,
    1.02667004e+03, 4.06973938e+02, 1.00959418e+03, 4.74589722e+02,
    9.92581421e+02, 5.42100403e+02, 9.95117310e+02, 2.60321960e+02,
    9.77943481e+02, 3.26415802e+02, 9.60767700e+02, 3.92737152e+02,
    9.44365417e+02, 4.59587372e+02, 9.27551514e+02, 5.26182434e+02,
    9.30910950e+02, 2.48564209e+02, 9.14308044e+02, 3.13851074e+02,
    8.97060669e+02, 3.79273743e+02, 8.80550903e+02, 4.44798004e+02,
    8.64653442e+02, 5.10593872e+02, 8.69078186e+02, 2.37593750e+02,
    8.52806702e+02, 3.02208435e+02, 8.36087036e+02, 3.66501984e+02,
    8.19501648e+02, 4.30707428e+02, 8.03668518e+02, 4.95682098e+02,
    8.08533264e+02, 2.26431137e+02, 7.92385925e+02, 2.90024506e+02,
    7.76482300e+02, 3.53805206e+02, 7.60333984e+02, 4.17366058e+02,
    7.44390564e+02, 4.80762451e+02 ]
