%YAML:1.0
---
points: [ 1.25485938e+03, 4.46460052e+02, 1.23736011e+03, 4.97186981e+02,
    1.21988892e+03, 5.48163940e+02, 1.20247449e+03, 5.99040771e+02,
    1.18520422e+03, 6.50461060e+02, 1.20246411e+03, 4.32729706e+02,
    1.18531738e+03, 4.82287781e+02, 1.16774487e+03, 5.32379150e+02,
    1.15067798e+03, 5.82430786e+02, 1.13355237e+03, 6.32773315e+02,
    1.15211353e+03, 4.19379150e+02, 1.13500488e+03, 4.68022552e+02,
    1.11778406e+03, 5.17173584e+02, 1.10094714e+03, 5.66430298e+02,
    1.08417834e+03, 6.15874878e+02, 1.10328931e+03, 4.06538269e+02,
    1.08643555e+03, 4.54241882e+02, 1.06937427e+03, 5.02415192e+02,
    1.05295728e+03, 5.50904785e+02, 1.03614526e+03, 5.99453369e+02,
    1.05624500e+03, 3.93711914e+02, 1.03967236e+03, 4.40764313e+02,
    1.02259283e+03, 4.88133423e+02, 1.00618158e+03, 5.35607483e+02,
    9.90036865e+02, 5.83636414e+02, 1.01080786e+03, 3.81763428e+02,
    9.94618164e+02, 4.28273407e+02, 9.77825378e+02, 4.74669495e+02,
    9.61460144e+02, 5.21269836e+02, 9.45513550e+02, 5.68390930e+02,
    9.66758850e+02, 3.69822723e+02, 9.50636414e+02, 4.15473938e+02,
    9.34504578e+02, 4.61428070e+02, 9.18391663e+02, 5.07356903e+02,
    9.02274597e+02, 5.53390137e+02 ]
