%YAML:1.0
---
points: [ 3.83217651e+02, 1.71203461e+02, 3.77580811e+02, 1.88377167e+02,
    3.71786285e+02, 2.05961334e+02, 3.66033295e+02, 2.23485977e+02,
    3.60268005e+02, 2.41042267e+02, 3.64815399e+02, 1.66798553e+02,
    3.59149933e+02, 1.83735229e+02, 3.53404388e+02, 2.00790482e+02,
    3.47708405e+02, 2.17960083e+02, 3.42132874e+02, 2.35258286e+02,
    3.47010040e+02, 1.62280685e+02, 3.41441437e+02, 1.79051544e+02,
    3.35740204e+02, 1.95815491e+02, 3.30142792e+02, 2.12711243e+02,
    3.24642029e+02, 2.29525528e+02, 3.29825745e+02, 1.58223343e+02,
    3.24311035e+02, 1.74565033e+02, 3.18710602e+02, 1.91041245e+02,
    3.13299316e+02, 2.07559784e+02, 3.07750824e+02, 2.24136871e+02,
    3.13322662e+02, 1.54110016e+02, 3.07838867e+02, 1.70206299e+02,
    3.02286194e+02, 1.86297791e+02, 2.96830566e+02, 2.02587585e+02,
    2.91501068e+02, 2.18915314e+02, 2.97382324e+02, 1.50188263e+02,
    2.92058655e+02, 1.66036774e+02, 2.86571381e+02, 1.81888229e+02,
    2.81212646e+02, 1.97834106e+02, 2.75888245e+02, 2.13925186e+02,
    2.81918854e+02, 1.46312454e+02, 2.76574310e+02, 1.61942566e+02,
    2.71381500e+02, 1.77613647e+02, 2.66055450e+02, 1.93243881e+02,
    2.60787903e+02, 2.09041824e+02 ]
