%YAML:1.0
---
points: [ 2.22793198e+02, 2.27326828e+02, 2.15208878e+02, 2.34764923e+02,
    2.07600067e+02, 2.42201767e+02, 2.00063522e+02, 2.49541901e+02,
    1.92522598e+02, 2.56925110e+02, 2.14932816e+02, 2.19842743e+02,
    2.07312988e+02, 2.27383606e+02, 1.99687866e+02, 2.34882690e+02,
    1.92087448e+02, 2.42290619e+02, 1.84589203e+02, 2.49667984e+02,
    2.06906601e+02, 2.12300934e+02, 1.99279694e+02, 2.19887787e+02,
    1.91629318e+02, 2.27494553e+02, 1.84038284e+02, 2.34965210e+02,
    1.76539505e+02, 2.42435349e+02, 1.98893021e+02, 2.04682632e+02,
    1.91172699e+02, 2.12358627e+02, 1.83480515e+02, 2.20130295e+02,
    1.75868866e+02, 2.27516373e+02, 1.68330261e+02, 2.35106995e+02,
    1.90683136e+02, 1.96935699e+02, 1.82917969e+02, 2.04696411e+02,
    1.75227158e+02, 2.12495163e+02, 1.67601486e+02, 2.20137085e+02,
    1.60080902e+02, 2.27605988e+02, 1.82366959e+02, 1.89037094e+02,
    1.74680923e+02, 1.96922836e+02, 1.66902466e+02, 2.04725937e+02,
    1.59254135e+02, 2.12442276e+02, 1.51754440e+02, 2.20063416e+02,
    1.73993027e+02, 1.81148972e+02, 1.66233597e+02, 1.89030975e+02,
    1.58511642e+02, 1.96939865e+02, 1.50846756e+02, 2.04621902e+02,
    1.43212387e+02, 2.12423691e+02 ]
