%YAML:1.0
---
points: [ 1.14918359e+03, 2.30632385e+02, 1.13730066e+03, 2.80538971e+02,
    1.12549731e+03, 3.29458160e+02, 1.11385913e+03, 3.77538757e+02,
    1.10256458e+03, 4.25111206e+02, 1.10194043e+03, 2.23614075e+02,
    1.09060425e+03, 2.72461273e+02, 1.07936426e+03, 3.20834290e+02,
    1.06849683e+03, 3.68479767e+02, 1.05757654e+03, 4.15283875e+02,
    1.05635852e+03, 2.16532669e+02, 1.04532959e+03, 2.64914368e+02,
    1.03442285e+03, 3.12472900e+02, 1.02404272e+03, 3.59554291e+02,
    1.01370410e+03, 4.05667419e+02, 1.01212720e+03, 2.09558014e+02,
    1.00144757e+03, 2.57164276e+02, 9.90961060e+02, 3.04209625e+02,
    9.81188171e+02, 3.50560760e+02, 9.71243713e+02, 3.96462646e+02,
    9.69065552e+02, 2.02757629e+02, 9.58866760e+02, 2.49839478e+02,
    9.48648132e+02, 2.96253815e+02, 9.38935303e+02, 3.41819855e+02,
    9.29870178e+02, 3.87193573e+02, 9.27227539e+02, 1.96259720e+02,
    9.17696899e+02, 2.42609116e+02, 9.07948853e+02, 2.88373077e+02,
    8.98558044e+02, 3.33559204e+02, 8.90071167e+02, 3.78324036e+02,
    8.86397949e+02, 1.89539383e+02, 8.77245483e+02, 2.35359711e+02,
    8.68447937e+02, 2.80955231e+02, 8.59460571e+02, 3.25331757e+02,
    8.50670532e+02, 3.69465546e+02 ]
