%YAML:1.0
---
points: [ 1.13371399e+03, 6.44546875e+02, 1.09847339e+03, 6.72547607e+02,
    1.06371692e+03, 7.00298035e+02, 1.02972510e+03, 7.27436279e+02,
    9.96326050e+02, 7.54173584e+02, 1.10449548e+03, 6.08608765e+02,
    1.06970764e+03, 6.36777893e+02, 1.03556018e+03, 6.64604187e+02,
    1.00205817e+03, 6.91796265e+02, 9.69259827e+02, 7.18558350e+02,
    1.07579773e+03, 5.73417725e+02, 1.04160583e+03, 6.01620850e+02,
    1.00778412e+03, 6.29536011e+02, 9.74930176e+02, 6.56763672e+02,
    9.42585876e+02, 6.83651245e+02, 1.04758777e+03, 5.38582581e+02,
    1.01383466e+03, 5.67022583e+02, 9.80491882e+02, 5.94861450e+02,
    9.48301208e+02, 6.22248047e+02, 9.16363831e+02, 6.49274292e+02,
    1.01983508e+03, 5.04423004e+02, 9.86653503e+02, 5.32719482e+02,
    9.53650024e+02, 5.60757202e+02, 9.21665710e+02, 5.88330139e+02,
    8.90557007e+02, 6.15405823e+02, 9.92760559e+02, 4.70701691e+02,
    9.60127258e+02, 4.99313477e+02, 9.27658875e+02, 5.27310669e+02,
    8.96057983e+02, 5.54746948e+02, 8.65346558e+02, 5.81911133e+02,
    9.65984924e+02, 4.37422913e+02, 9.33609314e+02, 4.65926910e+02,
    9.01929443e+02, 4.94214905e+02, 8.70842163e+02, 5.21697937e+02,
    8.40298828e+02, 5.48892151e+02 ]
