%YAML:1.0
---
points: [ 1.09346985e+03, 5.30151672e+02, 1.09968408e+03, 5.71703308e+02,
    1.10626404e+03, 6.15041016e+02, 1.11271069e+03, 6.59690369e+02,
    1.11983240e+03, 7.05988647e+02, 1.04905750e+03, 5.38131531e+02,
    1.05440552e+03, 5.79441833e+02, 1.06013367e+03, 6.22440857e+02,
    1.06594714e+03, 6.66766785e+02, 1.07209790e+03, 7.12757446e+02,
    1.00544080e+03, 5.45557068e+02, 1.01008447e+03, 5.86774231e+02,
    1.01482953e+03, 6.29484375e+02, 1.02008514e+03, 6.73792114e+02,
    1.02543152e+03, 7.19331970e+02, 9.62431763e+02, 5.53291687e+02,
    9.66180176e+02, 5.94040527e+02, 9.70269592e+02, 6.36541626e+02,
    9.74767334e+02, 6.80770203e+02, 9.79397522e+02, 7.26195923e+02,
    9.20025024e+02, 5.60520691e+02, 9.23205444e+02, 6.01443054e+02,
    9.26445435e+02, 6.43555603e+02, 9.29808655e+02, 6.87300598e+02,
    9.34078369e+02, 7.32935730e+02, 8.78401550e+02, 5.67911560e+02,
    8.81058838e+02, 6.08630127e+02, 8.83622253e+02, 6.50574219e+02,
    8.86332886e+02, 6.94044312e+02, 8.89618591e+02, 7.39365356e+02,
    8.37304321e+02, 5.75214783e+02, 8.39016174e+02, 6.15672852e+02,
    8.41333435e+02, 6.57692749e+02, 8.43399475e+02, 7.00868774e+02,
    8.45512146e+02, 7.45658508e+02 ]
