%YAML:1.0
---
points: [ 2.32619461e+02, 2.54274094e+02, 2.28353973e+02, 2.65712006e+02,
    2.24072174e+02, 2.77466125e+02, 2.19651886e+02, 2.89250946e+02,
    2.15218246e+02, 3.01268341e+02, 2.21400192e+02, 2.50093613e+02,
    2.17102859e+02, 2.61549286e+02, 2.12591812e+02, 2.73353485e+02,
    2.07917099e+02, 2.85386566e+02, 2.03524872e+02, 2.97229095e+02,
    2.10056747e+02, 2.45799988e+02, 2.05616150e+02, 2.57441620e+02,
    2.01047653e+02, 2.69157593e+02, 1.96371933e+02, 2.81025452e+02,
    1.91711075e+02, 2.93193146e+02, 1.98551834e+02, 2.41446838e+02,
    1.93979477e+02, 2.53068771e+02, 1.89296371e+02, 2.64913147e+02,
    1.84605606e+02, 2.76818665e+02, 1.79830582e+02, 2.89008972e+02,
    1.86865082e+02, 2.37035980e+02, 1.82249725e+02, 2.48662735e+02,
    1.77416718e+02, 2.60628754e+02, 1.72568268e+02, 2.72612946e+02,
    1.67698868e+02, 2.84790497e+02, 1.75022629e+02, 2.32679794e+02,
    1.70290802e+02, 2.44306534e+02, 1.65400360e+02, 2.56257843e+02,
    1.60369202e+02, 2.68332611e+02, 1.55473526e+02, 2.80487823e+02,
    1.63059616e+02, 2.28204300e+02, 1.58187241e+02, 2.39842209e+02,
    1.53258850e+02, 2.51799362e+02, 1.48196136e+02, 2.63870728e+02,
    1.43001770e+02, 2.76182068e+02 ]
