%YAML:1.0
---
points: [ 3.23796875e+02, 2.00276215e+02, 3.26455139e+02, 2.14452042e+02,
    3.29191010e+02, 2.29155716e+02, 3.32067291e+02, 2.44363510e+02,
    3.34976654e+02, 2.60106628e+02, 3.08493011e+02, 2.03044632e+02,
    3.10760162e+02, 2.17120789e+02, 3.13330475e+02, 2.31771698e+02,
    3.15846680e+02, 2.46778229e+02, 3.18584015e+02, 2.62564270e+02,
    2.93463654e+02, 2.05787506e+02, 2.95585022e+02, 2.19831589e+02,
    2.97724640e+02, 2.34268051e+02, 3.00110687e+02, 2.49451111e+02,
    3.02409821e+02, 2.64861633e+02, 2.78702271e+02, 2.08553207e+02,
    2.80477692e+02, 2.22363663e+02, 2.82404785e+02, 2.36823395e+02,
    2.84442383e+02, 2.51812057e+02, 2.86596771e+02, 2.67348175e+02,
    2.64134247e+02, 2.11091080e+02, 2.65714203e+02, 2.25000763e+02,
    2.67286743e+02, 2.39338852e+02, 2.69102478e+02, 2.54107849e+02,
    2.71061310e+02, 2.69643402e+02, 2.49835403e+02, 2.13773682e+02,
    2.51236252e+02, 2.27599625e+02, 2.52554916e+02, 2.41846085e+02,
    2.54029556e+02, 2.56602386e+02, 2.55691345e+02, 2.71918335e+02,
    2.35708649e+02, 2.16300812e+02, 2.36820847e+02, 2.30038879e+02,
    2.38062241e+02, 2.44304733e+02, 2.39321396e+02, 2.59036011e+02,
    2.40570404e+02, 2.74191986e+02 ]
