%YAML:1.0
---
points: [ 2.33070328e+02, 9.38059158e+01, 2.37779236e+02, 1.10062347e+02,
    2.42425171e+02, 1.26062363e+02, 2.47129227e+02, 1.41912064e+02,
    2.51634521e+02, 1.57490311e+02, 2.17282867e+02, 9.83146133e+01,
    2.22177643e+02, 1.14616974e+02, 2.27033340e+02, 1.30628159e+02,
    2.31770004e+02, 1.46468124e+02, 2.36415253e+02, 1.61998566e+02,
    2.01444290e+02, 1.02769722e+02, 2.06431656e+02, 1.19062386e+02,
    2.11443893e+02, 1.35111649e+02, 2.16352371e+02, 1.51031174e+02,
    2.21149216e+02, 1.66659119e+02, 1.85506012e+02, 1.07287186e+02,
    1.90677734e+02, 1.23605003e+02, 1.95781708e+02, 1.39717300e+02,
    2.00801071e+02, 1.55593216e+02, 2.05718414e+02, 1.71148483e+02,
    1.69450119e+02, 1.11769035e+02, 1.74720718e+02, 1.28138275e+02,
    1.79842743e+02, 1.44209457e+02, 1.85024872e+02, 1.60099808e+02,
    1.90174103e+02, 1.75611389e+02, 1.53282928e+02, 1.16368332e+02,
    1.58733017e+02, 1.32647186e+02, 1.64062958e+02, 1.48795868e+02,
    1.69233429e+02, 1.64684814e+02, 1.74504593e+02, 1.80288300e+02,
    1.37028732e+02, 1.20977814e+02, 1.42481934e+02, 1.37235001e+02,
    1.48036484e+02, 1.53357437e+02, 1.53409897e+02, 1.69244965e+02,
    1.58688400e+02, 1.84881760e+02 ]
