%YAML:1.0
---
points: [ 8.25589844e+02, 2.13817139e+02, 8.39433228e+02, 2.61830658e+02,
    8.53418274e+02, 3.09288208e+02, 8.67013672e+02, 3.55878052e+02,
    8.80507019e+02, 4.01762756e+02, 7.78851013e+02, 2.26519150e+02,
    7.93321106e+02, 2.74558197e+02, 8.07438232e+02, 3.22164185e+02,
    8.21507996e+02, 3.68618805e+02, 8.35235046e+02, 4.14575439e+02,
    7.31926025e+02, 2.39162323e+02, 7.46578003e+02, 2.87256165e+02,
    7.61276001e+02, 3.34658752e+02, 7.75594238e+02, 3.81487610e+02,
    7.89800476e+02, 4.27542084e+02, 6.84371033e+02, 2.51665482e+02,
    6.99495605e+02, 2.99806335e+02, 7.14426331e+02, 3.47538116e+02,
    7.29462646e+02, 3.94337616e+02, 7.43818359e+02, 4.40403534e+02,
    6.36520630e+02, 2.64418457e+02, 6.52111633e+02, 3.12595703e+02,
    6.67456482e+02, 3.60343903e+02, 6.82540405e+02, 4.07264709e+02,
    6.97774597e+02, 4.53463226e+02, 5.88390747e+02, 2.77167023e+02,
    6.04491516e+02, 3.25400818e+02, 6.20174866e+02, 3.73273438e+02,
    6.35616638e+02, 4.20065765e+02, 6.51229797e+02, 4.66394531e+02,
    5.39832214e+02, 2.89941406e+02, 5.56081116e+02, 3.38407196e+02,
    5.72520447e+02, 3.86251099e+02, 5.88385864e+02, 4.33112366e+02,
    6.04254089e+02, 4.79487305e+02 ]
