%YAML:1.0
---
points: [ 2.41915787e+02, 2.33576431e+02, 2.36655060e+02, 2.42214844e+02,
    2.31217850e+02, 2.51134155e+02, 2.25702454e+02, 2.60235016e+02,
    2.19964539e+02, 2.69534576e+02, 2.33153717e+02, 2.27965240e+02,
    2.27725388e+02, 2.36497574e+02, 2.22175552e+02, 2.45353912e+02,
    2.16464203e+02, 2.54406311e+02, 2.10682541e+02, 2.63666595e+02,
    2.24234573e+02, 2.22262360e+02, 2.18760620e+02, 2.30873138e+02,
    2.13067734e+02, 2.39596161e+02, 2.07259460e+02, 2.48587982e+02,
    2.01290192e+02, 2.57786743e+02, 2.15306137e+02, 2.16478668e+02,
    2.09697861e+02, 2.25093262e+02, 2.03958237e+02, 2.33753662e+02,
    1.97994705e+02, 2.42760040e+02, 1.91964951e+02, 2.51874268e+02,
    2.06293045e+02, 2.10803391e+02, 2.00566757e+02, 2.19260513e+02,
    1.94702560e+02, 2.27958145e+02, 1.88728394e+02, 2.36794937e+02,
    1.82460724e+02, 2.45966721e+02, 1.97319443e+02, 2.05122986e+02,
    1.91514374e+02, 2.13538452e+02, 1.85488541e+02, 2.22193069e+02,
    1.79289551e+02, 2.30945633e+02, 1.73040283e+02, 2.40090805e+02,
    1.88281296e+02, 1.99260788e+02, 1.82254913e+02, 2.07634155e+02,
    1.76078415e+02, 2.16304993e+02, 1.69952911e+02, 2.25099991e+02,
    1.63430969e+02, 2.34071198e+02 ]
