%YAML:1.0
---
points: [ 9.34835754e+02, 3.45359344e+02, 9.39814819e+02, 3.91402954e+02,
    9.44917542e+02, 4.37479706e+02, 9.49805908e+02, 4.83207672e+02,
    9.54930176e+02, 5.29017273e+02, 8.89649719e+02, 3.51217896e+02,
    8.94717346e+02, 3.97079254e+02, 8.99661865e+02, 4.42929291e+02,
    9.04732971e+02, 4.88351715e+02, 9.09790344e+02, 5.34010193e+02,
    8.44706848e+02, 3.56993256e+02, 8.49758545e+02, 4.02670349e+02,
    8.54690918e+02, 4.48314880e+02, 8.59936523e+02, 4.93543396e+02,
    8.65157410e+02, 5.38922546e+02, 8.00400574e+02, 3.62606903e+02,
    8.05392883e+02, 4.07962280e+02, 8.10363403e+02, 4.53529388e+02,
    8.15637817e+02, 4.98571198e+02, 8.20632812e+02, 5.43910950e+02,
    7.56046753e+02, 3.68231262e+02, 7.61208069e+02, 4.13391266e+02,
    7.65945190e+02, 4.58663391e+02, 7.71162842e+02, 5.03530945e+02,
    7.76641235e+02, 5.48662903e+02, 7.12439270e+02, 3.73749542e+02,
    7.17654297e+02, 4.18708282e+02, 7.22712463e+02, 4.63719879e+02,
    7.27653625e+02, 5.08438507e+02, 7.33264587e+02, 5.53354980e+02,
    6.69066589e+02, 3.79206940e+02, 6.74196350e+02, 4.23938477e+02,
    6.79545166e+02, 4.68840729e+02, 6.84617126e+02, 5.13355103e+02,
    6.89821960e+02, 5.57923706e+02 ]
