%YAML:1.0
---
points: [ 3.54065674e+02, 8.68969193e+01, 3.53099670e+02, 1.06209641e+02,
    3.52092987e+02, 1.25693443e+02, 3.51108185e+02, 1.44644775e+02,
    3.50048065e+02, 1.63359528e+02, 3.34745819e+02, 8.73655624e+01,
    3.33818665e+02, 1.06793114e+02, 3.32923981e+02, 1.25841652e+02,
    3.32010101e+02, 1.44587814e+02, 3.31200165e+02, 1.63233658e+02,
    3.15810059e+02, 8.81027985e+01, 3.15019073e+02, 1.07167595e+02,
    3.14267853e+02, 1.26207062e+02, 3.13524811e+02, 1.44603973e+02,
    3.12882477e+02, 1.62877243e+02, 2.97373840e+02, 8.85700760e+01,
    2.96679504e+02, 1.07625946e+02, 2.95992615e+02, 1.26240768e+02,
    2.95617279e+02, 1.44519821e+02, 2.95040802e+02, 1.62592773e+02,
    2.79295288e+02, 8.91266708e+01, 2.78767792e+02, 1.08002617e+02,
    2.78293121e+02, 1.26341797e+02, 2.77825928e+02, 1.44462784e+02,
    2.77660736e+02, 1.62294098e+02, 2.61726044e+02, 8.98420486e+01,
    2.61566010e+02, 1.08188232e+02, 2.61067383e+02, 1.26532372e+02,
    2.60797363e+02, 1.44258270e+02, 2.60678772e+02, 1.61906784e+02,
    2.44685944e+02, 9.02875748e+01, 2.44337433e+02, 1.08409393e+02,
    2.44339401e+02, 1.26549271e+02, 2.44123108e+02, 1.44176758e+02,
    2.44073059e+02, 1.61667831e+02 ]
