%YAML:1.0
---
points: [ 1.17016357e+03, 1.97321487e+02, 1.16680786e+03, 2.55075958e+02,
    1.16378967e+03, 3.11948639e+02, 1.16073206e+03, 3.67656616e+02,
    1.15809473e+03, 4.22657410e+02, 1.11397876e+03, 1.98627731e+02,
    1.11138062e+03, 2.55612991e+02, 1.10856689e+03, 3.11919464e+02,
    1.10631238e+03, 3.66902466e+02, 1.10383899e+03, 4.21062134e+02,
    1.05946667e+03, 1.99881317e+02, 1.05722522e+03, 2.56230438e+02,
    1.05500500e+03, 3.11726349e+02, 1.05311682e+03, 3.66243286e+02,
    1.05117969e+03, 4.19548798e+02, 1.00607574e+03, 2.01204544e+02,
    1.00430658e+03, 2.56590485e+02, 1.00246362e+03, 3.11555511e+02,
    1.00133350e+03, 3.65339996e+02, 9.99846191e+02, 4.18218231e+02,
    9.54197388e+02, 2.02223740e+02, 9.52914673e+02, 2.57105530e+02,
    9.51348267e+02, 3.11280579e+02, 9.50160645e+02, 3.64415741e+02,
    9.49576538e+02, 4.16701965e+02, 9.03477234e+02, 2.03077438e+02,
    9.02693787e+02, 2.57381897e+02, 9.01784180e+02, 3.11060730e+02,
    9.01179871e+02, 3.63393585e+02, 9.00794434e+02, 4.15105560e+02,
    8.53783997e+02, 2.03702637e+02, 8.53536804e+02, 2.57506348e+02,
    8.53458191e+02, 3.10502991e+02, 8.53043030e+02, 3.62315338e+02,
    8.52790588e+02, 4.13446594e+02 ]
