%YAML:1.0
---
points: [ 1.26139111e+03, 3.90473724e+02, 1.23299463e+03, 4.48481537e+02,
    1.20527747e+03, 5.05441040e+02, 1.17820996e+03, 5.61313843e+02,
    1.15167395e+03, 6.16057617e+02, 1.20367834e+03, 3.67345612e+02,
    1.17650098e+03, 4.24256378e+02, 1.14981238e+03, 4.80246094e+02,
    1.12392041e+03, 5.35113708e+02, 1.09853894e+03, 5.88917664e+02,
    1.14865356e+03, 3.45016663e+02, 1.12246814e+03, 4.01016937e+02,
    1.09682031e+03, 4.55938904e+02, 1.07207886e+03, 5.09997955e+02,
    1.04763525e+03, 5.62978943e+02, 1.09574182e+03, 3.23546967e+02,
    1.07064758e+03, 3.78511749e+02, 1.04582349e+03, 4.32588562e+02,
    1.02226141e+03, 4.85724365e+02, 9.98618347e+02, 5.37929260e+02,
    1.04524988e+03, 3.02677277e+02, 1.02105273e+03, 3.57033203e+02,
    9.96913513e+02, 4.10117554e+02, 9.73733704e+02, 4.62439972e+02,
    9.51700500e+02, 5.13884766e+02, 9.96654968e+02, 2.82856384e+02,
    9.73595215e+02, 3.36300781e+02, 9.50597839e+02, 3.88665466e+02,
    9.28077881e+02, 4.40039978e+02, 9.06657776e+02, 4.90732239e+02,
    9.49861023e+02, 2.63462646e+02, 9.27398743e+02, 3.15999908e+02,
    9.05601013e+02, 3.67855591e+02, 8.84169556e+02, 4.18486450e+02,
    8.63211914e+02, 4.68404755e+02 ]
