%YAML:1.0
---
points: [ 2.62819977e+02, 2.05507462e+02, 2.57558716e+02, 2.15122940e+02,
    2.52271561e+02, 2.24578629e+02, 2.46931625e+02, 2.34077087e+02,
    2.41519318e+02, 2.43685760e+02, 2.53368210e+02, 2.00172836e+02,
    2.48088791e+02, 2.09631851e+02, 2.42768707e+02, 2.19212616e+02,
    2.37338989e+02, 2.28739395e+02, 2.31991364e+02, 2.38275269e+02,
    2.43919144e+02, 1.94781921e+02, 2.38526062e+02, 2.04281784e+02,
    2.33209320e+02, 2.13821838e+02, 2.27796417e+02, 2.23399353e+02,
    2.22375793e+02, 2.33027924e+02, 2.34402191e+02, 1.89354370e+02,
    2.29018799e+02, 1.98885422e+02, 2.23585861e+02, 2.08337860e+02,
    2.18205673e+02, 2.18020737e+02, 2.12699051e+02, 2.27608414e+02,
    2.24789520e+02, 1.83811401e+02, 2.19370132e+02, 1.93411865e+02,
    2.13955475e+02, 2.02942612e+02, 2.08437363e+02, 2.12467972e+02,
    2.03081177e+02, 2.22188171e+02, 2.15228287e+02, 1.78377640e+02,
    2.09757416e+02, 1.87884003e+02, 2.04252823e+02, 1.97490585e+02,
    1.98748245e+02, 2.07123810e+02, 1.93262421e+02, 2.16757172e+02,
    2.05491867e+02, 1.72865921e+02, 2.00019882e+02, 1.82335098e+02,
    1.94515640e+02, 1.92000427e+02, 1.88899139e+02, 2.01599930e+02,
    1.83439026e+02, 2.11271332e+02 ]
