%YAML:1.0
---
points: [ 6.22621887e+02, 2.73522491e+02, 6.09638611e+02, 3.55373169e+02,
    5.96965027e+02, 4.34798462e+02, 5.84534424e+02, 5.12205688e+02,
    5.72416687e+02, 5.87114990e+02, 5.41753601e+02, 2.54543030e+02,
    5.29745789e+02, 3.36441467e+02, 5.18177673e+02, 4.16611053e+02,
    5.07226746e+02, 4.93910339e+02, 4.96197723e+02, 5.69388611e+02,
    4.61342010e+02, 2.35360138e+02, 4.50184784e+02, 3.17836853e+02,
    4.39561584e+02, 3.98133179e+02, 4.29616486e+02, 4.76027222e+02,
    4.20111389e+02, 5.51443909e+02, 3.81230377e+02, 2.16643646e+02,
    3.70985657e+02, 2.99127441e+02, 3.60675049e+02, 3.79808167e+02,
    3.52850525e+02, 4.57601532e+02, 3.44021973e+02, 5.33629395e+02,
    3.01889862e+02, 1.98081863e+02, 2.92638916e+02, 2.80892334e+02,
    2.82914093e+02, 3.61414307e+02, 2.75192322e+02, 4.39773071e+02,
    2.69023407e+02, 5.15636536e+02, 2.24101791e+02, 1.80338730e+02,
    2.16260132e+02, 2.62678802e+02, 2.07701324e+02, 3.43506256e+02,
    2.00422607e+02, 4.21699127e+02, 1.95054230e+02, 4.97819672e+02,
    1.47134628e+02, 1.62516083e+02, 1.39520325e+02, 2.44951447e+02,
    1.33336243e+02, 3.25558197e+02, 1.27285713e+02, 4.03696014e+02,
    1.21899261e+02, 4.79884399e+02 ]
