%YAML:1.0
---
points: [ 4.06888885e+02, 1.89504608e+02, 3.97763062e+02, 2.03183426e+02,
    3.88417053e+02, 2.16702637e+02, 3.79260162e+02, 2.30013733e+02,
    3.70052734e+02, 2.43334015e+02, 3.92404510e+02, 1.81574951e+02,
    3.83198273e+02, 1.94810745e+02, 3.74074036e+02, 2.08129639e+02,
    3.65111115e+02, 2.21383270e+02, 3.56187286e+02, 2.34408569e+02,
    3.78218658e+02, 1.73662018e+02, 3.69222961e+02, 1.87010620e+02,
    3.60385284e+02, 1.99977921e+02, 3.51505157e+02, 2.13082214e+02,
    3.42810608e+02, 2.25913376e+02, 3.64578644e+02, 1.66167160e+02,
    3.55752258e+02, 1.79130112e+02, 3.46969025e+02, 1.92103668e+02,
    3.38445984e+02, 2.04941269e+02, 3.29997589e+02, 2.17635254e+02,
    3.51298859e+02, 1.58848175e+02, 3.42684631e+02, 1.71752289e+02,
    3.34114990e+02, 1.84422791e+02, 3.25780182e+02, 1.97156479e+02,
    3.17634064e+02, 2.09659714e+02, 3.38548645e+02, 1.51887756e+02,
    3.30211914e+02, 1.64588348e+02, 3.21850555e+02, 1.77191483e+02,
    3.13618164e+02, 1.89531876e+02, 3.05650940e+02, 2.01966583e+02,
    3.26209076e+02, 1.45143768e+02, 3.18035767e+02, 1.57603180e+02,
    3.09971680e+02, 1.70059891e+02, 3.01928192e+02, 1.82318420e+02,
    2.94072296e+02, 1.94417389e+02 ]
