%YAML:1.0
---
points: [ 1.34257355e+02, 6.42191238e+01, 1.54079529e+02, 7.12280731e+01,
    1.73501495e+02, 7.80974808e+01, 1.92341888e+02, 8.48489914e+01,
    2.10616180e+02, 9.14157333e+01, 1.29342606e+02, 8.39715042e+01,
    1.49042740e+02, 9.06184769e+01, 1.68360352e+02, 9.72958145e+01,
    1.87083679e+02, 1.03678551e+02, 2.05186066e+02, 1.09890869e+02,
    1.24607727e+02, 1.03203049e+02, 1.44267059e+02, 1.09706863e+02,
    1.63357849e+02, 1.15906799e+02, 1.82015457e+02, 1.22089470e+02,
    1.99931870e+02, 1.27941025e+02, 1.20088425e+02, 1.22122307e+02,
    1.39525940e+02, 1.28212372e+02, 1.58518738e+02, 1.34149063e+02,
    1.76908463e+02, 1.39870392e+02, 1.94770065e+02, 1.45468414e+02,
    1.15552277e+02, 1.40544601e+02, 1.34891357e+02, 1.46304321e+02,
    1.53743790e+02, 1.51978775e+02, 1.72013992e+02, 1.57412170e+02,
    1.89771957e+02, 1.62520477e+02, 1.11271309e+02, 1.58430862e+02,
    1.30399628e+02, 1.63794922e+02, 1.49146515e+02, 1.69147034e+02,
    1.67239136e+02, 1.74279434e+02, 1.84863113e+02, 1.79147385e+02,
    1.06981049e+02, 1.75988312e+02, 1.26024567e+02, 1.81067245e+02,
    1.44536865e+02, 1.85891998e+02, 1.62562561e+02, 1.90681732e+02,
    1.79952255e+02, 1.95275589e+02 ]
