%YAML:1.0
---
points: [ 5.17383118e+02, 1.20512634e+02, 5.77613525e+02, 1.42597900e+02,
    6.36567688e+02, 1.64503098e+02, 6.93525940e+02, 1.85373398e+02,
    7.48730408e+02, 2.05711365e+02, 5.03712219e+02, 1.79359100e+02,
    5.63692749e+02, 2.00445969e+02, 6.22318909e+02, 2.21041901e+02,
    6.78657898e+02, 2.40741104e+02, 7.33442871e+02, 2.60081970e+02,
    4.90728455e+02, 2.36606003e+02, 5.50050476e+02, 2.56505096e+02,
    6.07975159e+02, 2.76000214e+02, 6.64284790e+02, 2.94674744e+02,
    7.18453918e+02, 3.12748901e+02, 4.77807251e+02, 2.92383514e+02,
    5.36714600e+02, 3.11313019e+02, 5.94331909e+02, 3.29651306e+02,
    6.49834900e+02, 3.47223114e+02, 7.03664978e+02, 3.64278168e+02,
    4.65337463e+02, 3.46602112e+02, 5.23657837e+02, 3.64407501e+02,
    5.80633484e+02, 3.81863647e+02, 6.35840149e+02, 3.98492859e+02,
    6.89352966e+02, 4.14237854e+02, 4.53232086e+02, 3.99505646e+02,
    5.11149292e+02, 4.16157410e+02, 5.67516785e+02, 4.32394348e+02,
    6.22131409e+02, 4.48325592e+02, 6.75309326e+02, 4.62908630e+02,
    4.41163971e+02, 4.50948761e+02, 4.98427887e+02, 4.66635590e+02,
    5.54569519e+02, 4.81735840e+02, 6.08604126e+02, 4.96513733e+02,
    6.61328064e+02, 5.10622833e+02 ]
