%YAML:1.0
---
points: [ 6.81958679e+02, 2.83571686e+02, 7.25378662e+02, 3.08306549e+02,
    7.68731384e+02, 3.32901215e+02, 8.11827637e+02, 3.57462677e+02,
    8.54730408e+02, 3.81846008e+02, 6.54654297e+02, 3.21013306e+02,
    6.98659546e+02, 3.45958679e+02, 7.42891235e+02, 3.70919373e+02,
    7.86575500e+02, 3.95799805e+02, 8.30260986e+02, 4.20607483e+02,
    6.26398743e+02, 3.59522278e+02, 6.71287048e+02, 3.84626465e+02,
    7.16067017e+02, 4.09843933e+02, 7.60617859e+02, 4.35300323e+02,
    8.04842957e+02, 4.60384796e+02, 5.97237854e+02, 3.99356689e+02,
    6.42729309e+02, 4.24672577e+02, 6.88412720e+02, 4.50118347e+02,
    7.33587891e+02, 4.76044250e+02, 7.78748291e+02, 5.01374481e+02,
    5.66900024e+02, 4.40139679e+02, 6.13389465e+02, 4.66002686e+02,
    6.59658569e+02, 4.91508087e+02, 7.05770752e+02, 5.17458069e+02,
    7.51668945e+02, 5.43682251e+02, 5.35788940e+02, 4.82548309e+02,
    5.83057800e+02, 5.08846008e+02, 6.30188660e+02, 5.34844788e+02,
    6.76855042e+02, 5.60989685e+02, 7.23684631e+02, 5.87373718e+02,
    5.03374603e+02, 5.26420288e+02, 5.51398071e+02, 5.52837158e+02,
    5.99470520e+02, 5.79591492e+02, 6.47033264e+02, 6.06057251e+02,
    6.94574890e+02, 6.32535156e+02 ]
