%YAML:1.0
---
points: [ 9.21551758e+02, 2.96569580e+02, 9.18200623e+02, 3.59751038e+02,
    9.14891174e+02, 4.22365875e+02, 9.11692810e+02, 4.83629700e+02,
    9.08477356e+02, 5.44484375e+02, 8.61144409e+02, 2.94404266e+02,
    8.58327271e+02, 3.56887939e+02, 8.55372803e+02, 4.18869171e+02,
    8.52766479e+02, 4.79782471e+02, 8.49971924e+02, 5.39926819e+02,
    8.02144226e+02, 2.92172119e+02, 7.99558044e+02, 3.54245331e+02,
    7.97078430e+02, 4.15557922e+02, 7.94928467e+02, 4.76075409e+02,
    7.92462402e+02, 5.35501587e+02, 7.43859375e+02, 2.89854675e+02,
    7.41678589e+02, 3.51343567e+02, 7.39385193e+02, 4.12322937e+02,
    7.37978149e+02, 4.72080536e+02, 7.35948853e+02, 5.31289124e+02,
    6.86491089e+02, 2.87391693e+02, 6.85053955e+02, 3.48566284e+02,
    6.82706543e+02, 4.08697357e+02, 6.81255127e+02, 4.68245636e+02,
    6.80472534e+02, 5.26961609e+02, 6.30606445e+02, 2.85312164e+02,
    6.29514893e+02, 3.45646973e+02, 6.27872986e+02, 4.05556427e+02,
    6.26515930e+02, 4.64525909e+02, 6.25778198e+02, 5.22736267e+02,
    5.75419312e+02, 2.82793304e+02, 5.74383911e+02, 3.42838745e+02,
    5.73653137e+02, 4.02304291e+02, 5.72664490e+02, 4.60536682e+02,
    5.71715088e+02, 5.18376160e+02 ]
