%YAML:1.0
---
points: [ 3.49748260e+02, 1.00844002e+02, 3.45672119e+02, 1.17539024e+02,
    3.41684723e+02, 1.33681976e+02, 3.37680969e+02, 1.49580673e+02,
    3.33915497e+02, 1.64940750e+02, 3.33495819e+02, 9.79633179e+01,
    3.29656219e+02, 1.14509293e+02, 3.25853455e+02, 1.30652771e+02,
    3.22224121e+02, 1.46332123e+02, 3.18670746e+02, 1.61673676e+02,
    3.17704529e+02, 9.52335358e+01, 3.14060394e+02, 1.11558449e+02,
    3.10484314e+02, 1.27677711e+02, 3.07119843e+02, 1.43285950e+02,
    3.03827881e+02, 1.58384460e+02, 3.02193085e+02, 9.25530396e+01,
    2.98797516e+02, 1.08744797e+02, 2.95386719e+02, 1.24698189e+02,
    2.92297760e+02, 1.40051788e+02, 2.89206512e+02, 1.55180939e+02,
    2.87086395e+02, 8.97944870e+01, 2.83847534e+02, 1.05910255e+02,
    2.80695007e+02, 1.21748299e+02, 2.77727356e+02, 1.37044342e+02,
    2.75025452e+02, 1.51976379e+02, 2.72239929e+02, 8.72012939e+01,
    2.69356171e+02, 1.03145195e+02, 2.66370544e+02, 1.18775108e+02,
    2.63655518e+02, 1.34027618e+02, 2.61060211e+02, 1.48774124e+02,
    2.57738861e+02, 8.46568069e+01, 2.55019135e+02, 1.00453125e+02,
    2.52466843e+02, 1.15934021e+02, 2.49866882e+02, 1.30916153e+02,
    2.47416702e+02, 1.45695480e+02 ]
