%YAML:1.0
---
points: [ 1.85227036e+02, 1.18161652e+02, 1.99982941e+02, 1.26383484e+02,
    2.14741333e+02, 1.34538284e+02, 2.29413727e+02, 1.42752014e+02,
    2.44057602e+02, 1.50873535e+02, 1.76487427e+02, 1.31012878e+02,
    1.91463974e+02, 1.39306839e+02, 2.06498245e+02, 1.47622925e+02,
    2.21415894e+02, 1.55847992e+02, 2.36247269e+02, 1.64118561e+02,
    1.67537735e+02, 1.44187714e+02, 1.82752884e+02, 1.52556870e+02,
    1.98021286e+02, 1.60949280e+02, 2.13122559e+02, 1.69381729e+02,
    2.28251175e+02, 1.77767029e+02, 1.58184753e+02, 1.57792358e+02,
    1.73658936e+02, 1.66237457e+02, 1.89213562e+02, 1.74695068e+02,
    2.04518875e+02, 1.83272919e+02, 2.19876999e+02, 1.91749344e+02,
    1.48520340e+02, 1.71775497e+02, 1.64255661e+02, 1.80318390e+02,
    1.80015732e+02, 1.88822433e+02, 1.95715637e+02, 1.97463974e+02,
    2.11252335e+02, 2.06200439e+02, 1.38572372e+02, 1.86243118e+02,
    1.54584610e+02, 1.94970505e+02, 1.70596588e+02, 2.03625198e+02,
    1.86594879e+02, 2.12358017e+02, 2.02373856e+02, 2.21163483e+02,
    1.28224472e+02, 2.01270676e+02, 1.44452545e+02, 2.10024765e+02,
    1.60848694e+02, 2.18907089e+02, 1.77000641e+02, 2.27705963e+02,
    1.93191299e+02, 2.36582596e+02 ]
