%YAML:1.0
---
points: [ 1.30250220e+03, 4.95656097e+02, 1.25889441e+03, 5.74672668e+02,
    1.21559070e+03, 6.53682068e+02, 1.17275854e+03, 7.32353943e+02,
    1.13040112e+03, 8.10734680e+02, 1.22046826e+03, 4.54368469e+02,
    1.17776074e+03, 5.32453369e+02, 1.13531689e+03, 6.10671509e+02,
    1.09316382e+03, 6.88462402e+02, 1.05115149e+03, 7.65877930e+02,
    1.14083936e+03, 4.13830231e+02, 1.09871265e+03, 4.91261688e+02,
    1.05684619e+03, 5.68633850e+02, 1.01535834e+03, 6.45606262e+02,
    9.74079163e+02, 7.22221069e+02, 1.06281714e+03, 3.74158142e+02,
    1.02145032e+03, 4.50774475e+02, 9.80002014e+02, 5.27407043e+02,
    9.39391052e+02, 6.03544617e+02, 8.98528381e+02, 6.79552246e+02,
    9.86679626e+02, 3.34942291e+02, 9.45958374e+02, 4.11062195e+02,
    9.04791687e+02, 4.86800354e+02, 8.64460022e+02, 5.62560303e+02,
    8.24776978e+02, 6.37689880e+02, 9.12225159e+02, 2.96630005e+02,
    8.72211304e+02, 3.72373291e+02, 8.31639160e+02, 4.47510773e+02,
    7.91663269e+02, 5.22204773e+02, 7.52459656e+02, 5.96923035e+02,
    8.38797852e+02, 2.58681732e+02, 7.99197021e+02, 3.33614288e+02,
    7.59733704e+02, 4.08498077e+02, 7.20435242e+02, 4.82599213e+02,
    6.81390015e+02, 5.56562622e+02 ]
