%YAML:1.0
---
points: [ 1.47739197e+02, 1.54546829e+02, 1.60914719e+02, 1.61164871e+02,
    1.74145004e+02, 1.67688065e+02, 1.87092255e+02, 1.74202087e+02,
    1.99962402e+02, 1.80593475e+02, 1.40662216e+02, 1.64898544e+02,
    1.54230377e+02, 1.71558304e+02, 1.67724091e+02, 1.78210617e+02,
    1.81085342e+02, 1.84830231e+02, 1.94088348e+02, 1.91298447e+02,
    1.33373184e+02, 1.75668961e+02, 1.47244019e+02, 1.82401794e+02,
    1.61069992e+02, 1.89139481e+02, 1.74581177e+02, 1.95854279e+02,
    1.88115051e+02, 2.02509705e+02, 1.25687210e+02, 1.87019135e+02,
    1.39938416e+02, 1.93778214e+02, 1.54059464e+02, 2.00523911e+02,
    1.67953491e+02, 2.07375641e+02, 1.81766861e+02, 2.14096237e+02,
    1.17660080e+02, 1.98807266e+02, 1.32250519e+02, 2.05655258e+02,
    1.46723022e+02, 2.12383636e+02, 1.61021057e+02, 2.19289597e+02,
    1.75108475e+02, 2.26189789e+02, 1.09217072e+02, 2.11219696e+02,
    1.24149338e+02, 2.18215729e+02, 1.39043655e+02, 2.25138977e+02,
    1.53695572e+02, 2.31990234e+02, 1.68066864e+02, 2.38972626e+02,
    1.00376076e+02, 2.24175842e+02, 1.15655823e+02, 2.31257080e+02,
    1.30921494e+02, 2.38357437e+02, 1.45907623e+02, 2.45351532e+02,
    1.60839752e+02, 2.52309525e+02 ]
