%YAML:1.0
---
points: [ 5.81518311e+02, 3.89494202e+02, 6.20676392e+02, 4.09474762e+02,
    6.59670471e+02, 4.29272797e+02, 6.98223511e+02, 4.48659271e+02,
    7.36004517e+02, 4.68119934e+02, 5.59093811e+02, 4.19880066e+02,
    5.99217346e+02, 4.39842896e+02, 6.39239014e+02, 4.59786346e+02,
    6.78503052e+02, 4.79751160e+02, 7.17275024e+02, 4.99464783e+02,
    5.35499451e+02, 4.51452698e+02, 5.76717773e+02, 4.71661438e+02,
    6.17604553e+02, 4.91779236e+02, 6.57945557e+02, 5.12152283e+02,
    6.97619263e+02, 5.31924438e+02, 5.10816772e+02, 4.84496246e+02,
    5.53093994e+02, 5.04937225e+02, 5.95116760e+02, 5.25343079e+02,
    6.36338196e+02, 5.46049988e+02, 6.77271790e+02, 5.66043701e+02,
    4.84959106e+02, 5.18973206e+02, 5.28437988e+02, 5.39776672e+02,
    5.71390259e+02, 5.60097839e+02, 6.13849182e+02, 5.80629700e+02,
    6.55616577e+02, 6.01561646e+02, 4.58042511e+02, 5.55350037e+02,
    5.02436340e+02, 5.76477478e+02, 5.46588013e+02, 5.97280457e+02,
    5.90101562e+02, 6.18019470e+02, 6.33108643e+02, 6.38819580e+02,
    4.29543518e+02, 5.93411072e+02, 4.75251862e+02, 6.14693848e+02,
    5.20507080e+02, 6.36110168e+02, 5.65138306e+02, 6.57099792e+02,
    6.09313171e+02, 6.77953857e+02 ]
