%YAML:1.0
---
points: [ 2.90816284e+02, 1.14389557e+02, 2.90790497e+02, 1.30353012e+02,
    2.90893555e+02, 1.46343292e+02, 2.90875763e+02, 1.61722198e+02,
    2.90943451e+02, 1.76908295e+02, 2.75042236e+02, 1.14908127e+02,
    2.75367523e+02, 1.30916519e+02, 2.75592743e+02, 1.46756790e+02,
    2.75778595e+02, 1.62035599e+02, 2.75889618e+02, 1.77164703e+02,
    2.59648529e+02, 1.15301628e+02, 2.59826904e+02, 1.31350906e+02,
    2.60240814e+02, 1.47048294e+02, 2.60633331e+02, 1.62277649e+02,
    2.60875031e+02, 1.77405319e+02, 2.44047073e+02, 1.15834343e+02,
    2.44704910e+02, 1.31709137e+02, 2.45061966e+02, 1.47343323e+02,
    2.45718613e+02, 1.62575867e+02, 2.46111008e+02, 1.77605774e+02,
    2.28772736e+02, 1.16278236e+02, 2.29446869e+02, 1.32113571e+02,
    2.30033905e+02, 1.47737167e+02, 2.30746506e+02, 1.62814102e+02,
    2.31553162e+02, 1.77783783e+02, 2.13604263e+02, 1.16716965e+02,
    2.14536667e+02, 1.32340668e+02, 2.15253586e+02, 1.47964340e+02,
    2.15961731e+02, 1.63074905e+02, 2.16884613e+02, 1.77849899e+02,
    1.98559158e+02, 1.17017670e+02, 1.99447495e+02, 1.32739914e+02,
    2.00474991e+02, 1.48177841e+02, 2.01391220e+02, 1.63199265e+02,
    2.02368088e+02, 1.77983887e+02 ]
