%YAML:1.0
---
points: [ 2.95732208e+02, 1.02296082e+02, 3.00687531e+02, 1.34690033e+02,
    3.05633423e+02, 1.65786072e+02, 3.10188202e+02, 1.95897491e+02,
    3.14862396e+02, 2.25034622e+02, 2.64550323e+02, 1.08189026e+02,
    2.69918427e+02, 1.40488022e+02, 2.75390961e+02, 1.71708649e+02,
    2.80620483e+02, 2.01792542e+02, 2.85681000e+02, 2.30825821e+02,
    2.32942993e+02, 1.14250954e+02, 2.38925354e+02, 1.46317307e+02,
    2.44877686e+02, 1.77618637e+02, 2.50637695e+02, 2.07726471e+02,
    2.56197937e+02, 2.36769745e+02, 2.00838959e+02, 1.19836845e+02,
    2.07811905e+02, 1.52269852e+02, 2.14117264e+02, 1.83664993e+02,
    2.20513855e+02, 2.13618286e+02, 2.26489456e+02, 2.42807602e+02,
    1.68730057e+02, 1.25728279e+02, 1.75907211e+02, 1.57856445e+02,
    1.83006683e+02, 1.89593124e+02, 1.89761627e+02, 2.19771927e+02,
    1.96343933e+02, 2.48919052e+02, 1.36052994e+02, 1.31416962e+02,
    1.44014297e+02, 1.63915314e+02, 1.51474365e+02, 1.95288116e+02,
    1.58713654e+02, 2.25787064e+02, 1.65898819e+02, 2.54899216e+02,
    1.03024887e+02, 1.37340744e+02, 1.11330673e+02, 1.69685257e+02,
    1.19623245e+02, 2.01395569e+02, 1.27412544e+02, 2.31599335e+02,
    1.35036224e+02, 2.61273621e+02 ]
