%YAML:1.0
---
points: [ 9.02419815e+01, 9.30857086e+01, 1.06565727e+02, 9.81122894e+01,
    1.22529594e+02, 1.03028305e+02, 1.37833893e+02, 1.07889458e+02,
    1.52719498e+02, 1.12554169e+02, 8.69035873e+01, 1.08140709e+02,
    1.03412025e+02, 1.12920036e+02, 1.19486687e+02, 1.17678307e+02,
    1.35003525e+02, 1.22271545e+02, 1.49830795e+02, 1.26727173e+02,
    8.35498123e+01, 1.23414673e+02, 1.00280289e+02, 1.27924370e+02,
    1.16373825e+02, 1.32402008e+02, 1.32040970e+02, 1.36776993e+02,
    1.47038284e+02, 1.40957321e+02, 8.01543427e+01, 1.38839966e+02,
    9.69930496e+01, 1.43088181e+02, 1.13359581e+02, 1.47304504e+02,
    1.29007126e+02, 1.51328415e+02, 1.44222168e+02, 1.55273270e+02,
    7.67072372e+01, 1.54338135e+02, 9.37702637e+01, 1.58344238e+02,
    1.10239517e+02, 1.62208221e+02, 1.26066833e+02, 1.66055008e+02,
    1.41255814e+02, 1.69562622e+02, 7.34283218e+01, 1.69938828e+02,
    9.04501648e+01, 1.73714233e+02, 1.07098274e+02, 1.77216980e+02,
    1.23115639e+02, 1.80772934e+02, 1.38377640e+02, 1.84142639e+02,
    6.98580551e+01, 1.85623901e+02, 8.70987167e+01, 1.89082809e+02,
    1.03831917e+02, 1.92390778e+02, 1.19828423e+02, 1.95630508e+02,
    1.35382858e+02, 1.98643036e+02 ]
