%YAML:1.0
---
points: [ 7.97336060e+02, 3.75926727e+02, 7.99183105e+02, 4.52879395e+02,
    8.01134094e+02, 5.28841980e+02, 8.02722534e+02, 6.03517700e+02,
    8.04543396e+02, 6.77197327e+02, 7.18446838e+02, 3.75585785e+02,
    7.21259460e+02, 4.53465820e+02, 7.23475464e+02, 5.30184814e+02,
    7.25900513e+02, 6.05699768e+02, 7.28224670e+02, 6.80058594e+02,
    6.37935181e+02, 3.75121948e+02, 6.41034180e+02, 4.53943665e+02,
    6.44282715e+02, 5.31668640e+02, 6.47356567e+02, 6.07911438e+02,
    6.50250671e+02, 6.82956299e+02, 5.55036865e+02, 3.74407227e+02,
    5.58913513e+02, 4.54337921e+02, 5.62584412e+02, 5.33141235e+02,
    5.66488770e+02, 6.10129822e+02, 5.70114258e+02, 6.86228577e+02,
    4.70421387e+02, 3.73637390e+02, 4.75019440e+02, 4.54494446e+02,
    4.79096344e+02, 5.34422424e+02, 4.83476501e+02, 6.12588562e+02,
    4.88456177e+02, 6.89229492e+02, 3.84520752e+02, 3.73146545e+02,
    3.89800903e+02, 4.54644379e+02, 3.94735626e+02, 5.35334595e+02,
    3.99479614e+02, 6.14464966e+02, 4.05272125e+02, 6.92092041e+02,
    2.97140442e+02, 3.72593109e+02, 3.02613983e+02, 4.55136597e+02,
    3.08654694e+02, 5.36588074e+02, 3.14485504e+02, 6.16345337e+02,
    3.20622833e+02, 6.94824341e+02 ]
