%YAML:1.0
---
points: [ 4.04246765e+02, 2.04111389e+02, 4.54666229e+02, 2.20360641e+02,
    5.03605072e+02, 2.36015671e+02, 5.50516724e+02, 2.51223022e+02,
    5.95865784e+02, 2.65820129e+02, 3.93778534e+02, 2.49204437e+02,
    4.44734558e+02, 2.64508759e+02, 4.94286316e+02, 2.79425781e+02,
    5.41513794e+02, 2.93653809e+02, 5.86848328e+02, 3.07530060e+02,
    3.83442047e+02, 2.94419739e+02, 4.34841949e+02, 3.08774475e+02,
    4.84592346e+02, 3.22944031e+02, 5.32427002e+02, 3.36463898e+02,
    5.78073669e+02, 3.49524902e+02, 3.72911041e+02, 3.39915009e+02,
    4.24631561e+02, 3.53621674e+02, 4.75127502e+02, 3.66641907e+02,
    5.22836487e+02, 3.79452637e+02, 5.69219543e+02, 3.91565948e+02,
    3.62242401e+02, 3.85996368e+02, 4.14561462e+02, 3.98479614e+02,
    4.65250092e+02, 4.10638855e+02, 5.13497864e+02, 4.22472046e+02,
    5.59864563e+02, 4.33847992e+02, 3.51445953e+02, 4.32056274e+02,
    4.04150146e+02, 4.43911041e+02, 4.55130157e+02, 4.54987671e+02,
    5.03778442e+02, 4.65887421e+02, 5.50490662e+02, 4.76383362e+02,
    3.40563599e+02, 4.78567993e+02, 3.93638885e+02, 4.89360748e+02,
    4.44911377e+02, 4.99622009e+02, 4.94122620e+02, 5.09592560e+02,
    5.41258728e+02, 5.19208069e+02 ]
