%YAML:1.0
---
points: [ 1.02713928e+03, 1.28533081e+02, 1.03579846e+03, 1.77456848e+02,
    1.04432642e+03, 2.23946594e+02, 1.05234094e+03, 2.67523712e+02,
    1.05971191e+03, 3.08835876e+02, 9.78062805e+02, 1.40506897e+02,
    9.88319519e+02, 1.88893997e+02, 9.97782654e+02, 2.34780655e+02,
    1.00713800e+03, 2.77692841e+02, 1.01595007e+03, 3.18484528e+02,
    9.29636047e+02, 1.52079895e+02, 9.41367004e+02, 2.00122101e+02,
    9.52345154e+02, 2.45389648e+02, 9.62632568e+02, 2.87673981e+02,
    9.72521667e+02, 3.28202240e+02, 8.81680298e+02, 1.63575928e+02,
    8.94797546e+02, 2.11093674e+02, 9.06863342e+02, 2.55928131e+02,
    9.18509888e+02, 2.97603790e+02, 9.29404358e+02, 3.37456177e+02,
    8.34537781e+02, 1.74825699e+02, 8.48715332e+02, 2.21566452e+02,
    8.62161011e+02, 2.66212677e+02, 8.74901855e+02, 3.07753693e+02,
    8.86812683e+02, 3.46434570e+02, 7.87647339e+02, 1.85627319e+02,
    8.03329407e+02, 2.31652435e+02, 8.17777222e+02, 2.75742981e+02,
    8.31596985e+02, 3.17013580e+02, 8.44739929e+02, 3.55426208e+02,
    7.41377747e+02, 1.96400879e+02, 7.57889893e+02, 2.41901230e+02,
    7.73853455e+02, 2.85248779e+02, 7.88612854e+02, 3.25725037e+02,
    8.03050110e+02, 3.64290100e+02 ]
