%YAML:1.0
---
points: [ 3.02155334e+02, 6.40846100e+01, 3.04561737e+02, 8.05426483e+01,
    3.06963440e+02, 9.62923508e+01, 3.09173584e+02, 1.11176788e+02,
    3.11237762e+02, 1.25180786e+02, 2.85369965e+02, 6.82963715e+01,
    2.88344238e+02, 8.45517120e+01, 2.91107727e+02, 1.00193108e+02,
    2.93656219e+02, 1.14819458e+02, 2.96164032e+02, 1.28590271e+02,
    2.68908783e+02, 7.25038986e+01, 2.72289062e+02, 8.87615433e+01,
    2.75469513e+02, 1.03963959e+02, 2.78424683e+02, 1.18425354e+02,
    2.81270935e+02, 1.32084702e+02, 2.52538589e+02, 7.65833435e+01,
    2.56355682e+02, 9.25616531e+01, 2.59945160e+02, 1.07781677e+02,
    2.63321472e+02, 1.21924530e+02, 2.66525879e+02, 1.35467422e+02,
    2.36353867e+02, 8.05633926e+01, 2.40567993e+02, 9.64744873e+01,
    2.44621475e+02, 1.11508583e+02, 2.48378098e+02, 1.25587440e+02,
    2.52013260e+02, 1.38722275e+02, 2.20313690e+02, 8.44737549e+01,
    2.25049149e+02, 9.99980621e+01, 2.29386826e+02, 1.14906868e+02,
    2.33630463e+02, 1.28911301e+02, 2.37565735e+02, 1.41944885e+02,
    2.04441681e+02, 8.83653717e+01, 2.09487610e+02, 1.03801361e+02,
    2.14377670e+02, 1.18340446e+02, 2.18956818e+02, 1.32077087e+02,
    2.23320511e+02, 1.45124161e+02 ]
