%YAML:1.0
---
points: [ 4.06567078e+02, 8.99734039e+01, 4.03107452e+02, 1.20298691e+02,
    3.99613251e+02, 1.49978088e+02, 3.95949982e+02, 1.78599014e+02,
    3.92676544e+02, 2.05996414e+02, 3.76584045e+02, 8.88443451e+01,
    3.73604065e+02, 1.19352661e+02, 3.70332703e+02, 1.49150009e+02,
    3.67320251e+02, 1.77612762e+02, 3.64519135e+02, 2.04971603e+02,
    3.46646210e+02, 8.81915665e+01, 3.44106995e+02, 1.18568947e+02,
    3.41330811e+02, 1.48196381e+02, 3.38765076e+02, 1.76655029e+02,
    3.36440094e+02, 2.03806793e+02, 3.16533813e+02, 8.72933655e+01,
    3.14665985e+02, 1.17892540e+02, 3.12536163e+02, 1.47234146e+02,
    3.10566132e+02, 1.75620377e+02, 3.08730560e+02, 2.02738373e+02,
    2.87277283e+02, 8.66851196e+01, 2.85307037e+02, 1.17088486e+02,
    2.84061340e+02, 1.46379196e+02, 2.82635406e+02, 1.74701248e+02,
    2.81269562e+02, 2.01673630e+02, 2.57242950e+02, 8.55589066e+01,
    2.56706940e+02, 1.16136650e+02, 2.55813492e+02, 1.45370193e+02,
    2.54903015e+02, 1.73514862e+02, 2.54135696e+02, 2.00546753e+02,
    2.28300446e+02, 8.46754150e+01, 2.27974091e+02, 1.15159424e+02,
    2.27709167e+02, 1.44317520e+02, 2.27382309e+02, 1.72298004e+02,
    2.27111313e+02, 1.99294266e+02 ]
