%YAML:1.0
---
points: [ 3.95767731e+02, 2.25936050e+02, 3.83598450e+02, 2.51315964e+02,
    3.71864166e+02, 2.75467102e+02, 3.60811249e+02, 2.98666931e+02,
    3.50159363e+02, 3.20809540e+02, 3.67436584e+02, 2.15121048e+02,
    3.55987427e+02, 2.40349792e+02, 3.45053772e+02, 2.64614349e+02,
    3.34684967e+02, 2.87654846e+02, 3.24815277e+02, 3.09752289e+02,
    3.39727295e+02, 2.04620819e+02, 3.29107178e+02, 2.29751495e+02,
    3.18869354e+02, 2.53865295e+02, 3.09206360e+02, 2.76854645e+02,
    2.99988617e+02, 2.98921295e+02, 3.12742554e+02, 1.94315613e+02,
    3.02854584e+02, 2.19409851e+02, 2.93327209e+02, 2.43526993e+02,
    2.84390167e+02, 2.66336487e+02, 2.75808563e+02, 2.88412170e+02,
    2.86643066e+02, 1.84186325e+02, 2.77396362e+02, 2.09255295e+02,
    2.68428925e+02, 2.33373016e+02, 2.60039703e+02, 2.56328552e+02,
    2.52142029e+02, 2.78131165e+02, 2.61187744e+02, 1.74319000e+02,
    2.52643890e+02, 1.99236755e+02, 2.44326004e+02, 2.23286758e+02,
    2.36398575e+02, 2.46212128e+02, 2.29059280e+02, 2.68030609e+02,
    2.36168121e+02, 1.64632568e+02, 2.28182999e+02, 1.89517136e+02,
    2.20683502e+02, 2.13423279e+02, 2.13360275e+02, 2.36238113e+02,
    2.06431168e+02, 2.58134216e+02 ]
