%YAML:1.0
---
points: [ 1.03469775e+03, 1.80862518e+02, 1.04153735e+03, 2.31289566e+02,
    1.04823071e+03, 2.80538635e+02, 1.05445044e+03, 3.28007507e+02,
    1.06068445e+03, 3.74113129e+02, 9.86618958e+02, 1.89371643e+02,
    9.94269287e+02, 2.39390350e+02, 1.00133557e+03, 2.87918976e+02,
    1.00838153e+03, 3.34843475e+02, 1.01544135e+03, 3.80675720e+02,
    9.39435974e+02, 1.97570206e+02, 9.47638306e+02, 2.47205643e+02,
    9.55390503e+02, 2.95503479e+02, 9.63306274e+02, 3.41865723e+02,
    9.70607117e+02, 3.87058441e+02, 8.92663879e+02, 2.05702682e+02,
    9.01563354e+02, 2.54900482e+02, 9.10023315e+02, 3.02661591e+02,
    9.18456116e+02, 3.48734009e+02, 9.26606567e+02, 3.93303894e+02,
    8.46772339e+02, 2.13585907e+02, 8.56182007e+02, 2.62291107e+02,
    8.65223145e+02, 3.09636658e+02, 8.74345886e+02, 3.55487549e+02,
    8.83064636e+02, 3.99507019e+02, 8.01669739e+02, 2.21261703e+02,
    8.11798523e+02, 2.69505829e+02, 8.21497620e+02, 3.16443695e+02,
    8.30677551e+02, 3.61647034e+02, 8.40206116e+02, 4.05607239e+02,
    7.56744202e+02, 2.28723221e+02, 7.67450745e+02, 2.76530029e+02,
    7.77952515e+02, 3.23104919e+02, 7.87809448e+02, 3.67770355e+02,
    7.97741028e+02, 4.11540771e+02 ]
