%YAML:1.0
---
points: [ 3.04424255e+02, 8.16000977e+01, 3.06460663e+02, 9.86788406e+01,
    3.08622223e+02, 1.15488907e+02, 3.10467438e+02, 1.31545837e+02,
    3.12451447e+02, 1.47332153e+02, 2.87909241e+02, 8.47290573e+01,
    2.90230957e+02, 1.01698906e+02, 2.92437103e+02, 1.18264297e+02,
    2.94685120e+02, 1.34171127e+02, 2.96860931e+02, 1.49704559e+02,
    2.71659973e+02, 8.76349792e+01, 2.74197021e+02, 1.04698021e+02,
    2.76692841e+02, 1.20849167e+02, 2.79170776e+02, 1.36805557e+02,
    2.81466064e+02, 1.52158279e+02, 2.55526871e+02, 9.07105255e+01,
    2.58400330e+02, 1.07417267e+02, 2.61139313e+02, 1.23667000e+02,
    2.63762939e+02, 1.39300583e+02, 2.66347656e+02, 1.54497528e+02,
    2.39900406e+02, 9.35387039e+01, 2.42876526e+02, 1.10200737e+02,
    2.45738586e+02, 1.26268425e+02, 2.48511505e+02, 1.41802399e+02,
    2.51383606e+02, 1.56759766e+02, 2.24361359e+02, 9.65220642e+01,
    2.27538788e+02, 1.12753822e+02, 2.30691589e+02, 1.28754105e+02,
    2.33729095e+02, 1.44104538e+02, 2.36732986e+02, 1.58967865e+02,
    2.09049881e+02, 9.92176895e+01, 2.12310516e+02, 1.15326027e+02,
    2.15797226e+02, 1.31064880e+02, 2.19013000e+02, 1.46295929e+02,
    2.22185364e+02, 1.61079422e+02 ]
