%YAML:1.0
---
points: [ 1.34683215e+03, 3.58487579e+02, 1.32988708e+03, 4.08756805e+02,
    1.31315137e+03, 4.58423920e+02, 1.29694409e+03, 5.06867065e+02,
    1.28127185e+03, 5.54326416e+02, 1.29494373e+03, 3.45817780e+02,
    1.27874792e+03, 3.95666504e+02, 1.26270239e+03, 4.44648010e+02,
    1.24750659e+03, 4.92459076e+02, 1.23238452e+03, 5.39329285e+02,
    1.24472827e+03, 3.33692444e+02, 1.22937354e+03, 3.82812286e+02,
    1.21403210e+03, 4.31246216e+02, 1.19945300e+03, 4.78433289e+02,
    1.18526208e+03, 5.24691711e+02, 1.19614026e+03, 3.22076477e+02,
    1.18130920e+03, 3.70398621e+02, 1.16661670e+03, 4.18200806e+02,
    1.15300842e+03, 4.64743042e+02, 1.13924377e+03, 5.10442352e+02,
    1.14903882e+03, 3.10350952e+02, 1.13480872e+03, 3.58355957e+02,
    1.12091394e+03, 4.05400543e+02, 1.10753552e+03, 4.51405426e+02,
    1.09474512e+03, 4.96603577e+02, 1.10347729e+03, 2.99071625e+02,
    1.09030127e+03, 3.46494720e+02, 1.07668213e+03, 3.92861938e+02,
    1.06393127e+03, 4.38474152e+02, 1.05162439e+03, 4.83036987e+02,
    1.05921741e+03, 2.87974945e+02, 1.04635815e+03, 3.34712738e+02,
    1.03369641e+03, 3.80828278e+02, 1.02155786e+03, 4.25673981e+02,
    1.00963263e+03, 4.69898285e+02 ]
