%YAML:1.0
---
points: [ 1.53432419e+02, 1.18953133e+02, 1.76331284e+02, 1.37553406e+02,
    1.98528961e+02, 1.55457062e+02, 2.19636627e+02, 1.72531525e+02,
    2.39853592e+02, 1.88835526e+02, 1.35651657e+02, 1.40954315e+02,
    1.59090347e+02, 1.59085144e+02, 1.81591446e+02, 1.76550476e+02,
    2.03025024e+02, 1.92974609e+02, 2.23469147e+02, 2.08836761e+02,
    1.18287872e+02, 1.62918259e+02, 1.41849487e+02, 1.80610489e+02,
    1.64653259e+02, 1.97373856e+02, 1.86410522e+02, 2.13504303e+02,
    2.07161255e+02, 2.28755615e+02, 1.00799049e+02, 1.84775772e+02,
    1.24755302e+02, 2.01823074e+02, 1.47721359e+02, 2.18278625e+02,
    1.69777878e+02, 2.33723145e+02, 1.90844910e+02, 2.48664490e+02,
    8.36081543e+01, 2.06382126e+02, 1.07644554e+02, 2.22984406e+02,
    1.30921844e+02, 2.38996353e+02, 1.53138489e+02, 2.54147018e+02,
    1.74661819e+02, 2.68366394e+02, 6.67019958e+01, 2.27889587e+02,
    9.09204254e+01, 2.43812027e+02, 1.14226112e+02, 2.59365845e+02,
    1.36748672e+02, 2.74143402e+02, 1.58404984e+02, 2.87948181e+02,
    5.02212982e+01, 2.49047287e+02, 7.42722092e+01, 2.64698669e+02,
    9.79059067e+01, 2.79564972e+02, 1.20429237e+02, 2.93851074e+02,
    1.42329575e+02, 3.07472778e+02 ]
