%YAML:1.0
---
points: [ 4.12630707e+02, 1.41049576e+02, 4.06926666e+02, 1.58082123e+02,
    4.01331757e+02, 1.75165710e+02, 3.95808655e+02, 1.91477051e+02,
    3.90273834e+02, 2.07956192e+02, 3.94782379e+02, 1.36969955e+02,
    3.89199982e+02, 1.53857727e+02, 3.83727325e+02, 1.70423615e+02,
    3.78449829e+02, 1.86848282e+02, 3.73247345e+02, 2.02880966e+02,
    3.77256866e+02, 1.32857315e+02, 3.71931488e+02, 1.49631668e+02,
    3.66691376e+02, 1.66214447e+02, 3.61645050e+02, 1.82316742e+02,
    3.56637939e+02, 1.98174225e+02, 3.60281677e+02, 1.29008972e+02,
    3.55189056e+02, 1.45549454e+02, 3.50112305e+02, 1.61889465e+02,
    3.45296844e+02, 1.77881424e+02, 3.40444580e+02, 1.93475113e+02,
    3.43735382e+02, 1.25237717e+02, 3.38884857e+02, 1.41666748e+02,
    3.34058228e+02, 1.57742767e+02, 3.29343536e+02, 1.73478867e+02,
    3.24932098e+02, 1.89030731e+02, 3.27795258e+02, 1.21573357e+02,
    3.23203369e+02, 1.37793518e+02, 3.18546844e+02, 1.53712616e+02,
    3.14102386e+02, 1.69257904e+02, 3.09769226e+02, 1.84560898e+02,
    3.12292511e+02, 1.17975876e+02, 3.07747009e+02, 1.34016312e+02,
    3.03552277e+02, 1.49708206e+02, 2.99244324e+02, 1.65218887e+02,
    2.95122681e+02, 1.80222488e+02 ]
