%YAML:1.0
---
points: [ 2.08767380e+02, 5.71205864e+01, 2.26002914e+02, 7.81922226e+01,
    2.42723053e+02, 9.87165604e+01, 2.58906128e+02, 1.18691452e+02,
    2.74689972e+02, 1.37997421e+02, 1.89248535e+02, 7.41784897e+01,
    2.06787430e+02, 9.49811554e+01, 2.23834030e+02, 1.15379318e+02,
    2.40345642e+02, 1.35117798e+02, 2.56359833e+02, 1.54244003e+02,
    1.69728348e+02, 9.11623611e+01, 1.87483856e+02, 1.11854340e+02,
    2.04921707e+02, 1.31975388e+02, 2.21742752e+02, 1.51530884e+02,
    2.38059891e+02, 1.70426117e+02, 1.49890671e+02, 1.08291229e+02,
    1.68088287e+02, 1.28693207e+02, 1.85812759e+02, 1.48631516e+02,
    2.03072922e+02, 1.67933411e+02, 2.19638809e+02, 1.86657730e+02,
    1.30026062e+02, 1.25341362e+02, 1.48540558e+02, 1.45599045e+02,
    1.66604050e+02, 1.65334656e+02, 1.84119339e+02, 1.84517761e+02,
    2.01155014e+02, 2.02837036e+02, 1.10149734e+02, 1.42579178e+02,
    1.29001648e+02, 1.62498047e+02, 1.47335968e+02, 1.82066238e+02,
    1.65157608e+02, 2.00935471e+02, 1.82487167e+02, 2.19222565e+02,
    9.01701736e+01, 1.59854675e+02, 1.09110229e+02, 1.79573730e+02,
    1.27891258e+02, 1.98845367e+02, 1.45982727e+02, 2.17524017e+02,
    1.63593491e+02, 2.35698059e+02 ]
