%YAML:1.0
---
points: [ 2.92260498e+02, 1.75451782e+02, 2.96941681e+02, 1.90153351e+02,
    3.01838623e+02, 2.05188278e+02, 3.06874207e+02, 2.20940582e+02,
    3.12234589e+02, 2.37367783e+02, 2.75985107e+02, 1.78946350e+02,
    2.80340027e+02, 1.93541428e+02, 2.85029938e+02, 2.08917877e+02,
    2.89728088e+02, 2.24825165e+02, 2.94745392e+02, 2.41356018e+02,
    2.59593262e+02, 1.82373016e+02, 2.63799896e+02, 1.97102020e+02,
    2.68095337e+02, 2.12486893e+02, 2.72474945e+02, 2.28611771e+02,
    2.77112518e+02, 2.45350403e+02, 2.43080261e+02, 1.85804733e+02,
    2.46913925e+02, 2.00711380e+02, 2.50966003e+02, 2.16251465e+02,
    2.55039734e+02, 2.32539764e+02, 2.59402985e+02, 2.49394714e+02,
    2.26308914e+02, 1.89323212e+02, 2.29872406e+02, 2.04311874e+02,
    2.33526688e+02, 2.19978317e+02, 2.37381027e+02, 2.36318771e+02,
    2.41368393e+02, 2.53511383e+02, 2.09421738e+02, 1.92853348e+02,
    2.12702469e+02, 2.08090286e+02, 2.16011826e+02, 2.23910660e+02,
    2.19633316e+02, 2.40314819e+02, 2.23238846e+02, 2.57760132e+02,
    1.92230591e+02, 1.96400925e+02, 1.95241470e+02, 2.11737900e+02,
    1.98350693e+02, 2.27887283e+02, 2.01456909e+02, 2.44522125e+02,
    2.04793320e+02, 2.61975403e+02 ]
