%YAML:1.0
---
points: [ 9.95361206e+02, 4.55748383e+02, 1.00710590e+03, 4.98810760e+02,
    1.01965594e+03, 5.43803589e+02, 1.03251526e+03, 5.90127808e+02,
    1.04601343e+03, 6.38500610e+02, 9.47062561e+02, 4.65531158e+02,
    9.58086975e+02, 5.08591522e+02, 9.69631165e+02, 5.53895935e+02,
    9.81565491e+02, 6.00957397e+02, 9.94062012e+02, 6.49668762e+02,
    8.98315674e+02, 4.75164276e+02, 9.08351868e+02, 5.18635559e+02,
    9.19247498e+02, 5.64312622e+02, 9.30184998e+02, 6.11784546e+02,
    9.41726868e+02, 6.60870117e+02, 8.48888428e+02, 4.84721039e+02,
    8.58371948e+02, 5.28615906e+02, 8.68072510e+02, 5.74541077e+02,
    8.78330444e+02, 6.22755249e+02, 8.88717407e+02, 6.72412903e+02,
    7.99068237e+02, 4.94320129e+02, 8.07464294e+02, 5.38935486e+02,
    8.16459778e+02, 5.85012817e+02, 8.25569336e+02, 6.33375732e+02,
    8.35327759e+02, 6.84155090e+02, 7.48752625e+02, 5.04288269e+02,
    7.56485229e+02, 5.49552429e+02, 7.64231628e+02, 5.96291687e+02,
    7.72444580e+02, 6.44757568e+02, 7.81148254e+02, 6.95930664e+02,
    6.97455994e+02, 5.14242371e+02, 7.04282532e+02, 5.59748047e+02,
    7.11529419e+02, 6.07369202e+02, 7.18510010e+02, 6.56398560e+02,
    7.26245361e+02, 7.07817627e+02 ]
