%YAML:1.0
---
points: [ 1.81812180e+02, 1.94200348e+02, 1.89965927e+02, 2.05890488e+02,
    1.98279068e+02, 2.17822250e+02, 2.06642670e+02, 2.29807693e+02,
    2.15026260e+02, 2.42047501e+02, 1.69015152e+02, 2.00589355e+02,
    1.77372742e+02, 2.12602402e+02, 1.85792999e+02, 2.24815201e+02,
    1.94163422e+02, 2.37232590e+02, 2.02720322e+02, 2.49618332e+02,
    1.55809433e+02, 2.07357956e+02, 1.64157364e+02, 2.19697678e+02,
    1.72705505e+02, 2.32157394e+02, 1.81169983e+02, 2.44802551e+02,
    1.89771637e+02, 2.57638489e+02, 1.41867569e+02, 2.14407822e+02,
    1.50402145e+02, 2.27027222e+02, 1.58957962e+02, 2.39818481e+02,
    1.67595795e+02, 2.52911880e+02, 1.76339813e+02, 2.65957367e+02,
    1.27351234e+02, 2.21779343e+02, 1.35886581e+02, 2.34676697e+02,
    1.44663254e+02, 2.47781754e+02, 1.53517944e+02, 2.61065369e+02,
    1.62253448e+02, 2.74695648e+02, 1.12297745e+02, 2.29457077e+02,
    1.20920700e+02, 2.42776016e+02, 1.29725830e+02, 2.56223572e+02,
    1.38570480e+02, 2.69873840e+02, 1.47517090e+02, 2.83830414e+02,
    9.64818344e+01, 2.37511871e+02, 1.05183693e+02, 2.51179291e+02,
    1.14071091e+02, 2.65040802e+02, 1.23062103e+02, 2.79043915e+02,
    1.32085800e+02, 2.93366394e+02 ]
