%YAML:1.0
---
points: [ 3.77374390e+02, 1.87901199e+02, 3.70121643e+02, 2.07738144e+02,
    3.63026123e+02, 2.27436935e+02, 3.56043762e+02, 2.46739792e+02,
    3.49204041e+02, 2.65742767e+02, 3.56915405e+02, 1.81604187e+02,
    3.49856812e+02, 2.01327347e+02, 3.42871857e+02, 2.21012512e+02,
    3.36084656e+02, 2.40067307e+02, 3.29382172e+02, 2.59043518e+02,
    3.36684265e+02, 1.75134598e+02, 3.29767761e+02, 1.94891785e+02,
    3.23045776e+02, 2.14407425e+02, 3.16368530e+02, 2.33575592e+02,
    3.09845917e+02, 2.52415771e+02, 3.16598969e+02, 1.68837830e+02,
    3.09897156e+02, 1.88571091e+02, 3.03301239e+02, 2.07930161e+02,
    2.96823059e+02, 2.27004135e+02, 2.90543121e+02, 2.45789780e+02,
    2.96851990e+02, 1.62582809e+02, 2.90337524e+02, 1.82215622e+02,
    2.83894989e+02, 2.01613480e+02, 2.77599518e+02, 2.20686722e+02,
    2.71557953e+02, 2.39288025e+02, 2.77259186e+02, 1.56354095e+02,
    2.70958435e+02, 1.75903671e+02, 2.64751312e+02, 1.95320709e+02,
    2.58637878e+02, 2.14185196e+02, 2.52651199e+02, 2.32889099e+02,
    2.57846588e+02, 1.50110886e+02, 2.51742691e+02, 1.69663177e+02,
    2.45760040e+02, 1.88910599e+02, 2.39779190e+02, 2.07827179e+02,
    2.34025879e+02, 2.26551895e+02 ]
