%YAML:1.0
---
points: [ 6.79227234e+02, 5.07242889e+02, 7.02493469e+02, 5.42179993e+02,
    7.26191528e+02, 5.77469177e+02, 7.49862122e+02, 6.13240295e+02,
    7.74013306e+02, 6.49264282e+02, 6.39888855e+02, 5.26073059e+02,
    6.63559143e+02, 5.61572449e+02, 6.87491211e+02, 5.97806396e+02,
    7.11568237e+02, 6.34452515e+02, 7.35799927e+02, 6.71500061e+02,
    5.99074036e+02, 5.45476440e+02, 6.22923279e+02, 5.81844666e+02,
    6.47219788e+02, 6.18964722e+02, 6.71533997e+02, 6.56627686e+02,
    6.96226074e+02, 6.94565979e+02, 5.56169861e+02, 5.65789429e+02,
    5.80453674e+02, 6.03137695e+02, 6.04974548e+02, 6.41114380e+02,
    6.29583191e+02, 6.79763672e+02, 6.54525330e+02, 7.18761902e+02,
    5.11565887e+02, 5.86950195e+02, 5.35975830e+02, 6.25448425e+02,
    5.60788391e+02, 6.64212036e+02, 5.85763000e+02, 7.03687561e+02,
    6.11052917e+02, 7.44113464e+02, 4.64771149e+02, 6.09381042e+02,
    4.89547607e+02, 6.48718445e+02, 5.14579102e+02, 6.88722595e+02,
    5.39793335e+02, 7.29296082e+02, 5.65402649e+02, 7.70626038e+02,
    4.15937836e+02, 6.32504028e+02, 4.40872284e+02, 6.73163086e+02,
    4.66329895e+02, 7.14497131e+02, 4.91667267e+02, 7.56081848e+02,
    5.17557861e+02, 7.98464539e+02 ]
