%YAML:1.0
---
points: [ 2.64776459e+02, 2.02643234e+02, 2.70143250e+02, 2.17332672e+02,
    2.75542969e+02, 2.31790482e+02, 2.81049774e+02, 2.46401749e+02,
    2.86384674e+02, 2.60871918e+02, 2.50210205e+02, 2.08143616e+02,
    2.55633942e+02, 2.22650955e+02, 2.61062103e+02, 2.37174255e+02,
    2.66472626e+02, 2.51613983e+02, 2.71854584e+02, 2.66103821e+02,
    2.35785324e+02, 2.13441895e+02, 2.41203766e+02, 2.27974625e+02,
    2.46603516e+02, 2.42513016e+02, 2.51988388e+02, 2.56816467e+02,
    2.57331238e+02, 2.71307770e+02, 2.21380249e+02, 2.18859558e+02,
    2.26758377e+02, 2.33280838e+02, 2.32165497e+02, 2.47726486e+02,
    2.37577789e+02, 2.62112976e+02, 2.42944305e+02, 2.76483459e+02,
    2.07045822e+02, 2.24074661e+02, 2.12417328e+02, 2.38589264e+02,
    2.17796295e+02, 2.52972412e+02, 2.23185699e+02, 2.67350342e+02,
    2.28667419e+02, 2.81612885e+02, 1.92795578e+02, 2.29381165e+02,
    1.98188278e+02, 2.43687256e+02, 2.03563126e+02, 2.58116089e+02,
    2.08949646e+02, 2.72505157e+02, 2.14406357e+02, 2.86712738e+02,
    1.78530563e+02, 2.34667999e+02, 1.83848831e+02, 2.49013626e+02,
    1.89382095e+02, 2.63261658e+02, 1.94779358e+02, 2.77541321e+02,
    2.00510574e+02, 2.91606812e+02 ]
