%YAML:1.0
---
points: [ 1.00312079e+03, 4.86889587e+02, 1.00121002e+03, 5.24482605e+02,
    9.99239807e+02, 5.62012024e+02, 9.97300232e+02, 5.98815979e+02,
    9.95438110e+02, 6.35532410e+02, 9.65548157e+02, 4.85557159e+02,
    9.63835815e+02, 5.23405823e+02, 9.61944946e+02, 5.60862366e+02,
    9.60098877e+02, 5.98060425e+02, 9.58437378e+02, 6.34737549e+02,
    9.27664917e+02, 4.83925262e+02, 9.26025391e+02, 5.22179871e+02,
    9.24356323e+02, 5.59849304e+02, 9.22708252e+02, 5.97240906e+02,
    9.21209961e+02, 6.34109070e+02, 8.89334534e+02, 4.82389099e+02,
    8.87687744e+02, 5.20680176e+02, 8.86355164e+02, 5.58774841e+02,
    8.84897705e+02, 5.96249023e+02, 8.83411621e+02, 6.33419373e+02,
    8.50466064e+02, 4.80846710e+02, 8.49239380e+02, 5.19330627e+02,
    8.48037598e+02, 5.57660400e+02, 8.46740906e+02, 5.95468567e+02,
    8.45388428e+02, 6.32571960e+02, 8.11389343e+02, 4.79297546e+02,
    8.10395508e+02, 5.17844482e+02, 8.09106079e+02, 5.56296997e+02,
    8.08112915e+02, 5.94229309e+02, 8.06991516e+02, 6.31643433e+02,
    7.71578613e+02, 4.77457977e+02, 7.70732300e+02, 5.16491455e+02,
    7.69914856e+02, 5.55004211e+02, 7.68958679e+02, 5.93091858e+02,
    7.68224304e+02, 6.30706177e+02 ]
