%YAML:1.0
---
points: [ 2.89000214e+02, 1.85935349e+02, 2.88260559e+02, 1.98778427e+02,
    2.87734192e+02, 2.11592087e+02, 2.86959656e+02, 2.24073929e+02,
    2.86461182e+02, 2.36580078e+02, 2.76236725e+02, 1.85653656e+02,
    2.75725800e+02, 1.98633179e+02, 2.75021423e+02, 2.11347580e+02,
    2.74575623e+02, 2.23969818e+02, 2.73885406e+02, 2.36341202e+02,
    2.63582855e+02, 1.85351837e+02, 2.62860657e+02, 1.98239197e+02,
    2.62553680e+02, 2.10963013e+02, 2.61853302e+02, 2.23819397e+02,
    2.61403381e+02, 2.36286591e+02, 2.50623383e+02, 1.84978271e+02,
    2.50007187e+02, 1.97874054e+02, 2.49693268e+02, 2.10870178e+02,
    2.49098511e+02, 2.23646896e+02, 2.48743271e+02, 2.36182007e+02,
    2.37496704e+02, 1.84593826e+02, 2.36987411e+02, 1.97633682e+02,
    2.36710175e+02, 2.10616974e+02, 2.36332886e+02, 2.23494339e+02,
    2.35828491e+02, 2.35940781e+02, 2.24278717e+02, 1.84022324e+02,
    2.23878967e+02, 1.97276138e+02, 2.23670502e+02, 2.10258560e+02,
    2.23279861e+02, 2.23160187e+02, 2.22877274e+02, 2.35932175e+02,
    2.10887131e+02, 1.83730209e+02, 2.10612396e+02, 1.96859238e+02,
    2.10439911e+02, 2.09841751e+02, 2.10083252e+02, 2.22875244e+02,
    2.09756485e+02, 2.35793488e+02 ]
