%YAML:1.0
---
points: [ 3.02192780e+02, 1.40260254e+02, 3.03393097e+02, 1.60666351e+02,
    3.04720428e+02, 1.81065201e+02, 3.06055298e+02, 2.01381271e+02,
    3.07244476e+02, 2.21556290e+02, 2.82197571e+02, 1.41295532e+02,
    2.83501282e+02, 1.61918320e+02, 2.84866730e+02, 1.82483810e+02,
    2.86117004e+02, 2.02676865e+02, 2.87396027e+02, 2.23068314e+02,
    2.61951019e+02, 1.42361832e+02, 2.63325653e+02, 1.63187866e+02,
    2.64789124e+02, 1.83683182e+02, 2.66130768e+02, 2.04281357e+02,
    2.67423523e+02, 2.24524719e+02, 2.41390411e+02, 1.43366440e+02,
    2.42857758e+02, 1.64195023e+02, 2.44285446e+02, 1.85056778e+02,
    2.45701035e+02, 2.05565277e+02, 2.47105576e+02, 2.26193314e+02,
    2.20468613e+02, 1.44230392e+02, 2.22134979e+02, 1.65354538e+02,
    2.23580521e+02, 1.86178986e+02, 2.25109924e+02, 2.07111862e+02,
    2.26468704e+02, 2.27751221e+02, 1.99287827e+02, 1.45295197e+02,
    2.00961945e+02, 1.66371201e+02, 2.02523651e+02, 1.87593140e+02,
    2.04129272e+02, 2.08572067e+02, 2.05549011e+02, 2.29260757e+02,
    1.77647964e+02, 1.46186569e+02, 1.79348297e+02, 1.67559296e+02,
    1.81073303e+02, 1.88846115e+02, 1.82643997e+02, 2.09888351e+02,
    1.84185242e+02, 2.30908707e+02 ]
