%YAML:1.0
---
points: [ 1.00951007e+03, 3.53231812e+02, 1.01267346e+03, 4.12981598e+02,
    1.01607538e+03, 4.72819458e+02, 1.01925787e+03, 5.32475220e+02,
    1.02258984e+03, 5.91806885e+02, 9.49834717e+02, 3.55374115e+02,
    9.53493591e+02, 4.15675659e+02, 9.56873474e+02, 4.76109406e+02,
    9.60237854e+02, 5.35857605e+02, 9.63712891e+02, 5.95679626e+02,
    8.89785583e+02, 3.57461761e+02, 8.93388733e+02, 4.18418274e+02,
    8.97073853e+02, 4.79215210e+02, 9.00687866e+02, 5.39469421e+02,
    9.04148621e+02, 5.99562988e+02, 8.28481689e+02, 3.59705780e+02,
    8.32357788e+02, 4.20842865e+02, 8.35955322e+02, 4.82237396e+02,
    8.39612671e+02, 5.43219788e+02, 8.43504150e+02, 6.03542603e+02,
    7.66138977e+02, 3.61642548e+02, 7.70147278e+02, 4.23611359e+02,
    7.74275757e+02, 4.85301849e+02, 7.78036499e+02, 5.46602844e+02,
    7.81781799e+02, 6.07645203e+02, 7.02767761e+02, 3.63802979e+02,
    7.07166260e+02, 4.26104797e+02, 7.11224915e+02, 4.88340210e+02,
    7.15251953e+02, 5.50239441e+02, 7.19288696e+02, 6.11777161e+02,
    6.38250732e+02, 3.65695465e+02, 6.42582153e+02, 4.28722290e+02,
    6.47099426e+02, 4.91531982e+02, 6.51089966e+02, 5.53752502e+02,
    6.55467651e+02, 6.15834290e+02 ]
