%YAML:1.0
---
points: [ 3.29240662e+02, 2.10934158e+02, 3.27405273e+02, 2.28251373e+02,
    3.25538300e+02, 2.46348831e+02, 3.23580933e+02, 2.65250610e+02,
    3.21501678e+02, 2.84992920e+02, 3.10402466e+02, 2.08912308e+02,
    3.08183838e+02, 2.26004852e+02, 3.05965118e+02, 2.43933823e+02,
    3.03592590e+02, 2.62515015e+02, 3.01190582e+02, 2.81934845e+02,
    2.92010254e+02, 2.06971222e+02, 2.89435455e+02, 2.23939011e+02,
    2.86794250e+02, 2.41582748e+02, 2.84140198e+02, 2.59867065e+02,
    2.81378876e+02, 2.78980042e+02, 2.73960846e+02, 2.05088165e+02,
    2.71082275e+02, 2.21812759e+02, 2.68122009e+02, 2.39189697e+02,
    2.65122986e+02, 2.57361450e+02, 2.61956268e+02, 2.76116638e+02,
    2.56276428e+02, 2.03196671e+02, 2.53131836e+02, 2.19770218e+02,
    2.49737106e+02, 2.36720657e+02, 2.46397568e+02, 2.54708832e+02,
    2.42989899e+02, 2.73426117e+02, 2.38932999e+02, 2.01338165e+02,
    2.35539490e+02, 2.17775803e+02, 2.31891495e+02, 2.34624802e+02,
    2.28201340e+02, 2.52207672e+02, 2.24429840e+02, 2.70839874e+02,
    2.21964859e+02, 1.99606827e+02, 2.18190994e+02, 2.15710083e+02,
    2.14346603e+02, 2.32526764e+02, 2.10325974e+02, 2.49970062e+02,
    2.06218719e+02, 2.68189697e+02 ]
