%YAML:1.0
---
points: [ 1.09479443e+03, 5.61479065e+02, 1.08700403e+03, 6.12449585e+02,
    1.07933618e+03, 6.65666565e+02, 1.07085571e+03, 7.20959290e+02,
    1.06266077e+03, 7.78666870e+02, 1.04030225e+03, 5.55158813e+02,
    1.03176294e+03, 6.05307434e+02, 1.02262891e+03, 6.57851318e+02,
    1.01348999e+03, 7.12516602e+02, 1.00398932e+03, 7.69532898e+02,
    9.86937195e+02, 5.48964172e+02, 9.77511597e+02, 5.98381653e+02,
    9.67643311e+02, 6.50178406e+02, 9.57479553e+02, 7.04247864e+02,
    9.46885620e+02, 7.60471802e+02, 9.34746155e+02, 5.42780945e+02,
    9.24307007e+02, 5.91519348e+02, 9.13326111e+02, 6.42632019e+02,
    9.02320496e+02, 6.96135193e+02, 8.90742920e+02, 7.51500488e+02,
    8.83674866e+02, 5.36480225e+02, 8.72274780e+02, 5.85133240e+02,
    8.60250916e+02, 6.35042419e+02, 8.48242981e+02, 6.87755188e+02,
    8.35861938e+02, 7.42928711e+02, 8.33481934e+02, 5.30674377e+02,
    8.21550110e+02, 5.78709045e+02, 8.08492615e+02, 6.28522644e+02,
    7.95439148e+02, 6.80361206e+02, 7.82202454e+02, 7.34625671e+02,
    7.84153198e+02, 5.24848206e+02, 7.71039856e+02, 5.72234863e+02,
    7.57735413e+02, 6.21717773e+02, 7.43697083e+02, 6.72790527e+02,
    7.29171204e+02, 7.26430176e+02 ]
