%YAML:1.0
---
points: [ 3.66059814e+02, 1.04869591e+02, 3.69401764e+02, 1.23513268e+02,
    3.72695618e+02, 1.41359100e+02, 3.75738617e+02, 1.58303772e+02,
    3.78786041e+02, 1.74458221e+02, 3.46063202e+02, 1.10062668e+02,
    3.49827087e+02, 1.28150238e+02, 3.53409088e+02, 1.45495651e+02,
    3.56896820e+02, 1.62088699e+02, 3.60285339e+02, 1.77809464e+02,
    3.26925842e+02, 1.14769196e+02, 3.30884003e+02, 1.32537308e+02,
    3.34911438e+02, 1.49480682e+02, 3.38728851e+02, 1.65616272e+02,
    3.42338409e+02, 1.81058548e+02, 3.08358704e+02, 1.19454674e+02,
    3.12812012e+02, 1.36865982e+02, 3.17101898e+02, 1.53491577e+02,
    3.21192596e+02, 1.69070145e+02, 3.25134491e+02, 1.84126328e+02,
    2.90604980e+02, 1.23848259e+02, 2.95332092e+02, 1.40799591e+02,
    2.99862213e+02, 1.57131424e+02, 3.04260803e+02, 1.72616196e+02,
    3.08491058e+02, 1.87039597e+02, 2.73533905e+02, 1.28131378e+02,
    2.78586792e+02, 1.44617844e+02, 2.83432861e+02, 1.60616013e+02,
    2.87958832e+02, 1.75601761e+02, 2.92560303e+02, 1.89930374e+02,
    2.57001007e+02, 1.32197632e+02, 2.62220673e+02, 1.48335434e+02,
    2.67435181e+02, 1.63786591e+02, 2.72343353e+02, 1.78593109e+02,
    2.77079346e+02, 1.92639587e+02 ]
