%YAML:1.0
---
points: [ 1.20092896e+03, 2.51107498e+02, 1.21223291e+03, 3.06138947e+02,
    1.22311536e+03, 3.58515686e+02, 1.23352026e+03, 4.08367584e+02,
    1.24361963e+03, 4.55855682e+02, 1.14373218e+03, 2.65532349e+02,
    1.15621741e+03, 3.18951874e+02, 1.16829309e+03, 3.70286835e+02,
    1.17966992e+03, 4.18643951e+02, 1.19075818e+03, 4.65282288e+02,
    1.08911536e+03, 2.79099030e+02, 1.10237012e+03, 3.31432434e+02,
    1.11547119e+03, 3.81450806e+02, 1.12788953e+03, 4.28656830e+02,
    1.13981262e+03, 4.74038788e+02, 1.03640771e+03, 2.92003784e+02,
    1.05065271e+03, 3.43303497e+02, 1.06448340e+03, 3.92152496e+02,
    1.07793896e+03, 4.38198883e+02, 1.09066602e+03, 4.82438354e+02,
    9.85488586e+02, 3.04457245e+02, 1.00083789e+03, 3.54390106e+02,
    1.01535907e+03, 4.02538300e+02, 1.02936316e+03, 4.47780670e+02,
    1.04342261e+03, 4.90656281e+02, 9.36772461e+02, 3.16254578e+02,
    9.52823975e+02, 3.64809906e+02, 9.68318726e+02, 4.11634247e+02,
    9.82888855e+02, 4.56173523e+02, 9.97477173e+02, 4.98322937e+02,
    8.89452087e+02, 3.27591431e+02, 9.06330688e+02, 3.75242218e+02,
    9.22528076e+02, 4.20599243e+02, 9.38128967e+02, 4.64266144e+02,
    9.53121948e+02, 5.05807312e+02 ]
