%YAML:1.0
---
depthShift: -2.2796754425186673e+01
