%YAML:1.0
---
rotation: !!opencv-matrix
   rows: 3
   cols: 3
   dt: d
   data: [ 9.9991953334661821e-01, -1.0161946334747086e-02,
       -7.5935287298386439e-03, 1.0178831510372972e-02,
       9.9994579990341770e-01, 2.1882971913204209e-03,
       7.5708798012254072e-03, -2.2654143558790436e-03,
       9.9996877435089515e-01 ]
translation: !!opencv-matrix
   rows: 3
   cols: 1
   dt: d
   data: [ -5.0737158007251072e-02, 2.3944341625528452e-04,
       -1.2067902305572878e-02 ]
essential: !!opencv-matrix
   rows: 3
   cols: 3
   dt: d
   data: [ 1.2464994157573140e-04, 1.2066705785549765e-02,
       2.6584409619960243e-04, -1.1682806317132331e-02,
       7.6926894760722574e-06, 5.0827211669424811e-02,
       -7.5586913171588369e-04, -5.0731974837240575e-02,
       -1.0920975990234272e-04 ]
fundamental: !!opencv-matrix
   rows: 3
   cols: 3
   dt: d
   data: [ 6.7002742166032578e-08, 6.4910142296458432e-06,
       -1.3039459318011741e-03, -6.2875918774178776e-06,
       4.1432268179107265e-09, 1.1491422584904969e-02,
       2.9210457322056353e-03, -3.4825984481649683e-02, 1. ]
