%YAML:1.0
---
cameraMatrix: !!opencv-matrix
   rows: 3
   cols: 3
   dt: d
   data: [ 3.6095753862475351e+02, 0., 2.5738909838479350e+02, 0.,
       3.6068889959341760e+02, 2.0617431757438302e+02, 0., 0., 1. ]
distortionCoefficients: !!opencv-matrix
   rows: 1
   cols: 5
   dt: d
   data: [ 7.4228875873069922e-02, -2.3955825991485458e-01,
       -3.0993070617678850e-03, 8.7541958873480321e-04,
       9.1495561545413773e-02 ]
rotation: !!opencv-matrix
   rows: 3
   cols: 3
   dt: d
   data: [ 1., 0., 0., 0., 1., 0., 0., 0., 1. ]
projection: !!opencv-matrix
   rows: 4
   cols: 4
   dt: d
   data: [ 3.6095753862475351e+02, 0., 2.5738909838479350e+02, 0., 0.,
       3.6068889959341760e+02, 2.0617431757438302e+02, 0., 0., 0., 1.,
       0., 0., 0., 0., 1. ]
