%YAML:1.0
---
cameraMatrix: !!opencv-matrix
   rows: 3
   cols: 3
   dt: d
   data: [ 1.0444409288322008e+03, 0., 9.7377820926611867e+02, 0.,
       1.0431510816000762e+03, 5.4244108670389562e+02, 0., 0., 1. ]
distortionCoefficients: !!opencv-matrix
   rows: 1
   cols: 5
   dt: d
   data: [ 4.9786695532175580e-02, -1.0173514137723452e-01,
       -3.4602342678611911e-03, 2.2727827856408342e-03,
       3.8537744377541427e-02 ]
rotation: !!opencv-matrix
   rows: 3
   cols: 3
   dt: d
   data: [ 1., 0., 0., 0., 1., 0., 0., 0., 1. ]
projection: !!opencv-matrix
   rows: 4
   cols: 4
   dt: d
   data: [ 1.0444409288322008e+03, 0., 9.7377820926611867e+02, 0., 0.,
       1.0431510816000762e+03, 5.4244108670389562e+02, 0., 0., 0., 1.,
       0., 0., 0., 0., 1. ]
