%YAML:1.0
---
depthShift: -6.5219847403186947e+01
