%YAML:1.0
---
cameraMatrix: !!opencv-matrix
   rows: 3
   cols: 3
   dt: d
   data: [ 1.1038810564083312e+03, 0., 9.7068961309905160e+02, 0.,
       1.1025482697948601e+03, 5.7063611432534515e+02, 0., 0., 1. ]
distortionCoefficients: !!opencv-matrix
   rows: 1
   cols: 5
   dt: d
   data: [ 8.5987575960934912e-02, -1.8687756343420056e-01,
       6.1172936964810033e-03, 1.5849954706253300e-03,
       1.4885081825996668e-01 ]
rotation: !!opencv-matrix
   rows: 3
   cols: 3
   dt: d
   data: [ 1., 0., 0., 0., 1., 0., 0., 0., 1. ]
projection: !!opencv-matrix
   rows: 4
   cols: 4
   dt: d
   data: [ 1.1038810564083312e+03, 0., 9.7068961309905160e+02, 0., 0.,
       1.1025482697948601e+03, 5.7063611432534515e+02, 0., 0., 0., 1.,
       0., 0., 0., 0., 1. ]
