%YAML:1.0
---
rotation: !!opencv-matrix
   rows: 3
   cols: 3
   dt: d
   data: [ 9.9696016400496412e-01, 1.5503230779826806e-03,
       -7.7897547365426464e-02, -3.2562558950700619e-03,
       9.9975754026252850e-01, -2.1777453610662509e-02,
       7.7844898257630260e-02, 2.1964908071116764e-02,
       9.9672348955399181e-01 ]
translation: !!opencv-matrix
   rows: 3
   cols: 1
   dt: d
   data: [ 8.8021701490857800e-03, 5.1376051998187396e-03,
       -1.5252769188305888e-02 ]
essential: !!opencv-matrix
   rows: 3
   cols: 3
   dt: d
   data: [ 3.5026943448219789e-04, 1.5361918031812487e-02,
       4.7886053092815939e-03, -1.5891607311205234e-02,
       -2.1698557822677107e-04, -7.5851764363447840e-03,
       -5.1506498410414181e-03, 8.7920710293154115e-03,
       2.0851799230286769e-04 ]
fundamental: !!opencv-matrix
   rows: 3
   cols: 3
   dt: d
   data: [ 1.3477554145150692e-06, 5.8960175752730618e-05,
       -5.5829877541262018e-03, -6.1221129440260568e-05,
       -8.3381338831274630e-07, 4.3298866349959072e-03,
       1.1749464031553095e-02, -1.9506181779441734e-02,
       9.9999999999999989e-01 ]
