%YAML:1.0
---
cameraMatrix: !!opencv-matrix
   rows: 3
   cols: 3
   dt: d
   data: [ 3.8391574606192086e+02, 0., 2.5112554384458201e+02, 0.,
       3.8488540509632492e+02, 2.0892659564799263e+02, 0., 0., 1. ]
distortionCoefficients: !!opencv-matrix
   rows: 1
   cols: 5
   dt: d
   data: [ 1.7753871900663831e-01, -5.6500579341380008e-01,
       3.1847496621805518e-04, -5.0686429328731407e-03,
       5.8393112645317302e-01 ]
rotation: !!opencv-matrix
   rows: 3
   cols: 3
   dt: d
   data: [ 1., 0., 0., 0., 1., 0., 0., 0., 1. ]
projection: !!opencv-matrix
   rows: 4
   cols: 4
   dt: d
   data: [ 3.8391574606192086e+02, 0., 2.5112554384458201e+02, 0., 0.,
       3.8488540509632492e+02, 2.0892659564799263e+02, 0., 0., 0., 1.,
       0., 0., 0., 0., 1. ]
